"baseMean"	"log2FoldChange"	"lfcSE"	"stat"	"pvalue"	"padj"	"gene"
59.2777081034595	3.79999471516266	0.405944235214015	9.36087862698502	7.90763378832829e-21	7.7197558053794e-17	"gene-adam23a"
80.8683227413334	4.56558706535611	0.490006029353011	9.31740997429026	1.19214822104539e-20	7.7197558053794e-17	"gene-g19608"
366.054833862074	3.85743971401358	0.423798784946083	9.10205468027554	8.86387899728276e-20	3.82653656312697e-16	"gene-ldhba"
56.8694713691828	4.02629032783576	0.452888837022319	8.89023972043131	6.09772109018701e-19	1.9742896459753e-15	"gene-pfkfb3"
233.040232060997	3.80094489242421	0.431212536184474	8.81455100089706	1.20165665537061e-18	3.11253106874096e-15	"gene-lamb2l"
791.013624086806	2.63077392974441	0.301839456645889	8.71580527933025	2.88699149628059e-18	5.98512840860676e-15	"gene-dag1_ChrAur1"
302.889360541996	3.97860307721614	0.457158063926426	8.70290473068512	3.23495474173788e-18	5.98512840860676e-15	"gene-lpla"
272.547083209433	4.14597141166943	0.480682827939357	8.62517063370628	6.39971626761204e-18	1.03603406727304e-14	"gene-col4a1"
355.844669407056	4.01902843633521	0.491681003707107	8.17405676858187	2.98189403029972e-16	4.2909455096013e-13	"gene-col4a2"
134.186540409309	4.38728607317218	0.540043399475078	8.12395092216037	4.51248290263335e-16	5.84411660720045e-13	"gene-g7706"
408.644132424566	3.51642347939543	0.433725334624468	8.10748923034449	5.16764469215784e-16	6.08419694619419e-13	"gene-LOC119006539"
175.137937133861	3.03322286291308	0.376878422167515	8.04827945698858	8.39660490850785e-16	7.76745929786322e-13	"gene-lrp1aa_ChrAur1"
53.2678386928042	3.6543356179624	0.453150334089751	8.0642898019769	7.36628294923949e-16	7.76745929786322e-13	"gene-plcd1a"
77.4124661036537	2.99785524739321	0.372171931263305	8.05502778572593	7.94607561099407e-16	7.76745929786322e-13	"gene-si:dkey-49n23.1"
59.9619977881607	2.78467015462398	0.347080475677923	8.0231253261507	1.03088077931613e-15	8.90062464861543e-13	"gene-sdk2b"
208.272648005552	2.83518999314938	0.359975070974658	7.87607315549076	3.37830485803064e-15	2.73452663852218e-12	"gene-slc6a6b_ChrAur2"
219.66858231072	6.54212912146884	0.838306019955971	7.80398680879382	5.99814647748352e-15	4.56952911940524e-12	"gene-g78"
279.040081202176	2.67200328571697	0.350483795992104	7.62375697898788	2.46397049837226e-14	1.77282677357884e-11	"gene-aldocb_ChrAur1"
124.922791245986	5.91502613112396	0.787386912485814	7.51222307270764	5.81316207576366e-14	3.96243484437975e-11	"gene-col15a1b"
66.6038311009136	3.48744794729007	0.465347416063243	7.49428884078322	6.66587865166235e-14	4.31648972088396e-11	"gene-slc34a2b"
98.8513532588868	3.91250716619511	0.529003597426946	7.3959934965006	1.4035487578207e-13	8.65588569644564e-11	"gene-slc6a15"
28.9260634065439	2.45867840856238	0.338040546880682	7.2733239584724	3.50747797609975e-13	2.06478851220308e-10	"gene-LOC119021857"
130.465591616518	3.89902695941472	0.5428642900922	7.18232352095311	6.85365018043834e-13	3.85920102116769e-10	"gene-spon1a_ChrAur1"
31.0357885174903	3.09831359515675	0.441800564299442	7.0129235802804	2.33388945030333e-12	1.25942509461993e-09	"gene-adamts17"
117.565483571508	2.26452166284163	0.323175478621867	7.00709618346769	2.43315007767271e-12	1.26046906623757e-09	"gene-g6398"
162.701622562545	2.57864240680243	0.368692895183604	6.99401165709553	2.67135348124847e-12	1.33064226675573e-09	"gene-alpl"
47039.1608119391	-0.834745919204386	0.119906799563031	-6.96162287915612	3.36374971701682e-12	1.6134786142624e-09	"gene-tubb4b_ChrAur1"
65.7302769396216	1.59417711901481	0.230828856835966	6.90631639764035	4.97399958091256e-12	2.30065244901423e-09	"gene-LOC119017678"
56.1354256959017	2.74069506010647	0.398972241941217	6.8693878219986	6.44779968056735e-12	2.87949840217337e-09	"gene-actc1c_ChrAur1"
35.9718488862617	3.29071907913595	0.480513932086331	6.84833229464973	7.47158547157082e-12	3.22548344807712e-09	"gene-g10206"
41.0807729756869	2.54908075004517	0.372476308906588	6.84360505377656	7.72246444215037e-12	3.22624635452547e-09	"gene-LOC119004955"
6911.25295127005	-0.803654469685648	0.117928867868897	-6.8147391237494	9.4434974207283e-12	3.82196047174538e-09	"gene-patl2"
37.6531717060527	3.53771810460636	0.521547205819547	6.78312157582604	1.17606585394418e-11	4.61552390134274e-09	"gene-g18851"
101.726509114756	3.482645374563	0.514663079032438	6.76684517784012	1.31620788924901e-11	4.89735244230228e-09	"gene-LOC119015465"
325.170717852161	1.27667478922837	0.188724656944479	6.76474823109072	1.33541216037501e-11	4.89735244230228e-09	"gene-pdia6"
67.2821194391616	2.90567772715564	0.429709042067729	6.76196552247011	1.36132104025081e-11	4.89735244230228e-09	"gene-sema3b"
82.035308927968	2.00625604449788	0.297977585612228	6.73290925683488	1.66303788783341e-11	5.82108207711634e-09	"gene-sema4f"
427.378843882993	2.51585919540235	0.374947830852922	6.70989131922522	1.94769422128682e-11	6.46784304099630e-09	"gene-atp1a1a.4"
441.134926864721	1.68421334489287	0.250916002038484	6.71225960564508	1.91633354706022e-11	6.46784304099630e-09	"gene-calr3a_ChrAur1"
305.724083954307	3.56902245592875	0.532564567951575	6.70157699310795	2.06182170302446e-11	6.5128421648463e-09	"gene-fabp4a"
42.5745522491601	2.50348757807267	0.373449230553708	6.70368921194666	2.03222252594762e-11	6.5128421648463e-09	"gene-g21292"
48.1455577349723	2.43960730735111	0.364772333883262	6.68802724532242	2.26199031844849e-11	6.97500871767296e-09	"gene-cobll1b"
23.2466876749478	2.36814519672665	0.355370614627406	6.66387455589024	2.66701132169112e-11	8.03266595981899e-09	"gene-nt5c3a"
25.4864286179266	4.18692612953426	0.631250444509114	6.63274959400652	3.29490519485585e-11	9.48273715079513e-09	"gene-npl"
29.7146447642606	4.27270540370764	0.644035070926931	6.6342744309842	3.26102618883992e-11	9.48273715079513e-09	"gene-vegfaa"
56.1638338691101	2.04826248162955	0.313508937588484	6.53334637725106	6.43161615557088e-11	1.81077958327823e-08	"gene-fmnl2a"
31.2871044460332	2.6268683480368	0.402674394981322	6.52355446677619	6.86604626019202e-11	1.89196095990951e-08	"gene-plod1a"
32.8420877285088	2.2171063070866	0.348122524822226	6.36875280684236	1.90571456651097e-10	5.14185611476741e-08	"gene-as3mt"
70.7502230462433	1.84994987724201	0.292039644722287	6.33458474105873	2.3798134524463e-10	6.28999265768002e-08	"gene-nrbp2a"
83.1797028339167	2.03147747592743	0.321931354715738	6.31028151240875	2.78528365684728e-10	7.21444172796583e-08	"gene-tbc1d4"
104.474097763824	1.21374175259725	0.193108218765373	6.28529308776832	3.27235738392807e-10	8.30986283906911e-08	"gene-LOC119017277"
93.3621049715714	2.03399613207174	0.323924351450941	6.27923193474324	3.40249693947706e-10	8.47418035830143e-08	"gene-colgalt1b"
24.8634890054123	2.4014841859226	0.384430948427252	6.24685446306373	4.18800946736735e-10	1.02337567192216e-07	"gene-calcrl2"
1306.75424526993	-0.497264541014646	0.0797111402397174	-6.23833180053891	4.42261811115215e-10	1.06069124365799e-07	"gene-pold2"
44.1859769956596	1.81015854773119	0.290725211543741	6.22635559578512	4.77409834518397e-10	1.12416995760868e-07	"gene-itpk1b"
12940.9354700452	-0.558165742324372	0.0901965479540739	-6.18832710325652	6.08060511313767e-10	1.3778035310868e-07	"gene-ahcy"
271.682802498462	1.74721406787838	0.282374657970334	6.18757391487284	6.1097201509058e-10	1.3778035310868e-07	"gene-g5054"
218.351190682913	1.07344779409056	0.17352813537869	6.18601583972519	6.17038103644772e-10	1.3778035310868e-07	"gene-utrn"
15.8714637665264	2.64509548247222	0.431522566072756	6.12968055539939	8.80556932899011e-10	1.93289709118222e-07	"gene-pdgfaa"
96.8007527979805	2.57819607477328	0.421771483185391	6.11277949685381	9.79106164436057e-10	2.11340065593523e-07	"gene-gata6"
247.200225202559	1.04481281411598	0.171030914032898	6.10891206437105	1.00312575814108e-09	2.12975109732542e-07	"gene-pdia5"
5434.41921921205	-1.2173013648814	0.199848571589009	-6.09111866651117	1.12124396353993e-09	2.34213396319446e-07	"gene-nop56"
57.0720622099776	2.3069198958361	0.379946995758009	6.07168873972461	1.26572083384714e-09	2.60196039986576e-07	"gene-ndfip2"
7937.13974592411	-0.668168261710642	0.110324034788924	-6.05641611085931	1.39187673866615e-09	2.75303354341081e-07	"gene-abcf2a"
40.3611269699822	2.67111440214417	0.440957258111804	6.05753585638206	1.38222537938799e-09	2.75303354341081e-07	"gene-ftr82"
100.06276178534	1.99648036962763	0.329716795928004	6.05513699721738	1.40298211616951e-09	2.75303354341081e-07	"gene-gfpt1"
2046.71236672093	-0.77000318931399	0.127277276823038	-6.04980879960667	1.45017841912265e-09	2.80317323971006e-07	"gene-eif5"
106.241700175558	1.34272799189918	0.222068966544291	6.04644589828977	1.48075924245189e-09	2.82019308073447e-07	"gene-pwp1"
277.211560132555	1.93694193364283	0.321010434014027	6.03389089078081	1.60058156450895e-09	3.00422200608049e-07	"gene-hspg2"
446.197271286781	-0.734804053115443	0.122137820967898	-6.01618767464811	1.78572531629703e-09	3.30384693876611e-07	"gene-meaf6"
29.2677093583075	2.57468127325976	0.430298106542526	5.9834826928417	2.18416255055817e-09	3.98409706933506e-07	"gene-sema4c"
58.6081676995286	1.84978223256809	0.310416384145354	5.95903543448892	2.53731082687524e-09	4.56398784984183e-07	"gene-amotl2a"
93.3584646041157	1.50369738823717	0.253070824158148	5.94180460445919	2.8190132036398e-09	4.92012549969548e-07	"gene-grk4"
28.2504593933211	3.10692688052434	0.52304686508142	5.94005449213562	2.84927351152159e-09	4.92012549969548e-07	"gene-im:7151449"
71.3353438016236	2.35331607817755	0.395897566039129	5.94425497919064	2.77717028888672e-09	4.92012549969548e-07	"gene-pnp5a_ChrAur1"
38.7908245230803	2.29760766347594	0.387350863635833	5.93159297983656	3.00009588553089e-09	5.04600543032604e-07	"gene-sgk1"
26.8658277180612	2.39331830519615	0.40343604283396	5.932336358408	2.98653997021101e-09	5.04600543032604e-07	"gene-spry2"
261.202514515534	0.568989087519537	0.0961423112468466	5.91819647500101	3.25491006402655e-09	5.40440259477024e-07	"gene-akt1"
449.235508185156	4.51836779179963	0.765563821039516	5.90201321904736	3.59092384567818e-09	5.88684237030102e-07	"gene-apoeb_ChrAur1"
121.577234249624	1.72428965442234	0.292514422286521	5.89471671497066	3.75324716400244e-09	5.98280481130293e-07	"gene-fam13a"
51.7700417554209	1.70071730423806	0.288671523906962	5.89153125053718	3.82633278937885e-09	5.98280481130293e-07	"gene-g7590"
907.696157329372	-0.579985845786507	0.0984496920799557	-5.89119004369737	3.8342429104945e-09	5.98280481130293e-07	"gene-mtrex"
17.3583548825336	2.92952967454672	0.496776171999669	5.89708170332428	3.69986686701338e-09	5.98280481130293e-07	"gene-prodha"
35.5116222564542	2.46877367822534	0.419202902025774	5.88920941695568	3.88047466509615e-09	5.98286040329288e-07	"gene-arhgef25a_ChrAur2"
53.6245517294538	4.05484194079691	0.690508642210516	5.87225371693567	4.29910108250185e-09	6.550312719939e-07	"gene-pcsk9"
410.086865127707	1.49045204805127	0.254507763816073	5.85621446553741	4.7353663837986e-09	7.13113139960183e-07	"gene-aplp2"
99.6479970329397	1.60846194676609	0.275252036184207	5.84359690509121	5.10855580100464e-09	7.60470185963346e-07	"gene-rhpn2"
67.8324872821403	1.70820725811037	0.292459839611226	5.84082676233816	5.19423965247199e-09	7.61728941013296e-07	"gene-myo1ca"
170.142524936199	1.12564079313038	0.192762030285846	5.83953588505563	5.23464410085579e-09	7.61728941013296e-07	"gene-vclb"
133.324810764171	1.20941388957929	0.207620795369444	5.82510960632453	5.70751287434097e-09	8.21311102617666e-07	"gene-sesn1"
423.240710920292	0.7513532023028	0.12945739028741	5.80386489048414	6.48035021094791e-09	9.22274896505345e-07	"gene-LOC119015378"
45.249231887689	2.70101077261253	0.465605045420498	5.80107711284184	6.58902881446175e-09	9.27549045392327e-07	"gene-g8421"
274.696771817122	1.14134622286923	0.197139148571757	5.78954627296564	7.05768122592199e-09	9.82839027493718e-07	"gene-slc25a14_ChrAur2"
845.942925946558	0.899444222060056	0.155556453466589	5.78210805155213	7.37702977496082e-09	1.01638204910125e-06	"gene-pls3"
244.061722924416	0.820810575564334	0.142028639984336	5.77919056082535	7.50608710014157e-09	1.02327720035719e-06	"gene-rps6kal"
343.388230015357	0.92791432567913	0.160707166640968	5.7739449028565	7.74367671940376e-09	1.04467038742706e-06	"gene-sel1l"
56.1781799858343	1.78060695463068	0.308689540120483	5.76827758380053	8.00858175420601e-09	1.06926950823425e-06	"gene-sema5ba_ChrAur1"
39.9511922868452	2.4724100645194	0.428809877352261	5.7657488670401	8.12960398722555e-09	1.07435205345467e-06	"gene-g1589"
1948.47323840976	-0.981385090401042	0.170456398980537	-5.75739659097867	8.54210637455853e-09	1.11746282481725e-06	"gene-g15111"
47.6905239602128	2.21187342439958	0.384640156432329	5.75050053253793	8.89796235045765e-09	1.15237510400777e-06	"gene-kdr"
30.9220477244573	2.96949910131917	0.516662787006726	5.74746077324997	9.05936075666926e-09	1.16166119960023e-06	"gene-rbm47"
56.4160155684855	2.14279099706511	0.3742466088432	5.72561232735948	1.030613267493e-08	1.27427440998139e-06	"gene-a2ml_ChrAur1"
313.875277010169	0.713422369164467	0.12455005473007	5.72799723541371	1.0162322228301e-08	1.27427440998139e-06	"gene-atp11b"
219.065282996479	-0.693772532060422	0.121178728172254	-5.72520063978746	1.03311569027909e-08	1.27427440998139e-06	"gene-mpv17"
81.2132334380899	1.06730877382544	0.186367505890552	5.7269037793114	1.02280140755817e-08	1.27427440998139e-06	"gene-slc9a8_ChrAur1"
418.246680350803	-0.69535122064108	0.121646097011415	-5.71618192218556	1.08944104002576e-08	1.33107084050694e-06	"gene-zcchc8"
5473.25539641407	-0.619924319785802	0.108491689332517	-5.71402587239462	1.10334212638575e-08	1.33545643727307e-06	"gene-ddx4"
12340.1754273798	-0.779043692351661	0.136629552028793	-5.701868159441	1.18501468705726e-08	1.4210301122295e-06	"gene-gmnn"
12784.3301670858	-1.09865093608579	0.192855416948642	-5.6967595386671	1.22105953397227e-08	1.45082036921788e-06	"gene-gtf3ab"
3689.51208446635	-0.727090262671758	0.127675196595586	-5.69484349395468	1.23485141047959e-08	1.45386914701101e-06	"gene-stmn1a"
413.693904941687	-0.515910368484031	0.0908517974462947	-5.678592862062	1.35807298743749e-08	1.58454083426152e-06	"gene-paip2b_ChrAur1"
44.0442185120616	1.6640639401705	0.293540409277031	5.66894331267362	1.43680890739042e-08	1.66143858567976e-06	"gene-myo10"
60.6575699309874	2.60277926614864	0.459749009488814	5.66130478245645	1.50226338810961e-08	1.72175337516881e-06	"gene-pgm5"
256.50698436841	-0.572085380887571	0.101202165904381	-5.65289661318212	1.57766211032733e-08	1.79230719217976e-06	"gene-alkbh1"
25982.6144739547	-0.759215780174874	0.134502510746544	-5.64462162052528	1.65544922759096e-08	1.86432373448091e-06	"gene-ddx5_ChrAur1"
50.0080841053701	1.51412757896655	0.268595230977425	5.6372094674079	1.72827841648934e-08	1.92956325620288e-06	"gene-dlc1_ChrAur1"
142.402412463798	2.24116273915831	0.397905671506032	5.63239707208932	1.77721915107068e-08	1.96724489106977e-06	"gene-cavin2b"
620.179073021731	1.07991174140074	0.192314989512104	5.61532797906411	1.9618975118694e-08	2.15326565052717e-06	"gene-ppp2r5a"
50.6640111904735	2.4467540767389	0.43623645108651	5.60877952918629	2.03758391810989e-08	2.19906244362009e-06	"gene-g9413"
190.379594490612	1.4576602239188	0.25984491834768	5.60973150134269	2.02640759724437e-08	2.19906244362009e-06	"gene-slc6a6b_ChrAur1"
22.1975861677292	1.83923501694755	0.328573593899323	5.59763490157733	2.17295756249616e-08	2.28796531641364e-06	"gene-hif1an"
33.6466906995323	2.63134896484107	0.470026033691462	5.59830472404929	2.16458035707486e-08	2.28796531641364e-06	"gene-nr5a1b"
120.376405533018	1.28853704772437	0.230116062830118	5.59950936009027	2.14959327441577e-08	2.28796531641364e-06	"gene-sall1a"
82.5869697968279	1.08978705554604	0.19477266752845	5.59517446351582	2.20400026515136e-08	2.3019360833851e-06	"gene-mydgf"
133.273941243775	2.75700070319398	0.493085310022518	5.59132597778683	2.25342069106119e-08	2.33472410959468e-06	"gene-aldoab"
68.8538785099037	2.63683783812841	0.472266604566758	5.5833671333745	2.3590601741444e-08	2.42477685042414e-06	"gene-armt1_fusion_2"
26183.7680516789	-1.06887411130468	0.191608467331979	-5.57842837630324	2.42701368779347e-08	2.47498065122938e-06	"gene-ccnb1"
65.5114156213908	2.58271362075519	0.463496077076776	5.57224483332008	2.51477665250261e-08	2.5444431583251e-06	"gene-LOC119009241"
22.5734874162375	1.90626500941962	0.34260556520781	5.56402231313248	2.63626215359253e-08	2.64668458536255e-06	"gene-LOC119011853"
7168.78039000037	-0.622072339750811	0.111996460172295	-5.55439286914798	2.78578301040836e-08	2.77528275136913e-06	"gene-kpna2_ChrAur1"
25.5640194693744	2.18505645729475	0.393922660725369	5.54691739051313	2.9075002643323e-08	2.85265423661876e-06	"gene-plpp2a_ChrAur1"
129.774240353719	0.80971269027569	0.145960866603071	5.54746425613956	2.89842389204608e-08	2.85265423661876e-06	"gene-zdhhc3a"
46.7999829423218	2.12217818328819	0.382808586366747	5.54370580720218	2.96136229942213e-08	2.88365437141473e-06	"gene-peak1"
1056.71112166312	-0.919232470129746	0.165920576012009	-5.54019575042468	3.02133728933476e-08	2.89846957290181e-06	"gene-brd2b"
45.5428203713224	2.23279473923317	0.402967523228377	5.54088012191434	3.00955196255387e-08	2.89846957290181e-06	"gene-g1926"
92.4759244527897	2.51994870551085	0.4550918287566	5.53723127131473	3.07290666069506e-08	2.92626574725454e-06	"gene-hsd17b1"
134.069595066373	1.40649178421295	0.254141679199902	5.53428225012489	3.1250539390716e-08	2.95420244999389e-06	"gene-pam"
338.379790958444	0.618921316842354	0.112065043547153	5.52287579830308	3.33495489750506e-08	3.1118042179812e-06	"gene-glceb"
19.8117498906498	3.15897844701361	0.572007262162061	5.52261947702092	3.33982539031261e-08	3.1118042179812e-06	"gene-pid1"
390.328963117782	-0.847650591969405	0.153531859740733	-5.52100777910736	3.37060855500267e-08	3.11315872959123e-06	"gene-sh2d5"
75.493132816931	1.67605608066788	0.303631518683734	5.52003325588105	3.38935511444956e-08	3.11315872959123e-06	"gene-shroom4"
36.6554665398361	2.23302863358923	0.404729006096814	5.51734271562211	3.44163866220439e-08	3.13891988128233e-06	"gene-sulf2a"
71.1992131041694	1.05338593783135	0.19103929659714	5.5139751694789	3.50818116213906e-08	3.17723456159881e-06	"gene-ano5a_ChrAur1"
376.976602839681	0.664122033558719	0.120488590190184	5.5119080778557	3.5496430465646e-08	3.19246021500404e-06	"gene-dnajc3a"
135.387398268478	0.936693136907457	0.169996998012126	5.51005692959733	3.58717661284713e-08	3.20396719399884e-06	"gene-mkrn1"
3289.27879002435	-0.880188054974729	0.15980290735964	-5.50796020872041	3.63015432662085e-08	3.22014580027853e-06	"gene-g127"
71.4933949765591	1.56649305717678	0.284540228824916	5.50534827235514	3.68439164014205e-08	3.24602422663127e-06	"gene-rin2a_ChrAur2"
2275.01027341324	-1.00343790183339	0.182336572879105	-5.50321795561388	3.72920916779857e-08	3.26330999541617e-06	"gene-ifrd1"
718.179510782938	-0.627392806674653	0.1140392988512	-5.50154914134717	3.76468649370334e-08	3.27224528724509e-06	"gene-mtap"
163.37298548948	2.34997134482295	0.427568699936429	5.49612575750364	3.88225703688584e-08	3.35194072564724e-06	"gene-cpn1"
142.079317687846	-0.817255693377561	0.148896931780221	-5.48873427817753	4.04824079317644e-08	3.47210374254491e-06	"gene-g18866"
380.240570439913	1.04784307168446	0.19129363465606	5.47766826412418	4.30967122502126e-08	3.6720100023191e-06	"gene-atp1b1b_ChrAur2"
350.845010924	0.689978023655431	0.126002272082233	5.47591731683322	4.35250900448146e-08	3.68427085732283e-06	"gene-ubr1"
46829.0059674711	-0.749248486025795	0.136936223120247	-5.47151417611295	4.46206642900046e-08	3.75248196896007e-06	"gene-hspa8_ChrAur1"
93.8342966588404	1.06267304842061	0.194518054892216	5.46310751981067	4.67871018347899e-08	3.88422920424593e-06	"gene-fam53b_ChrAur1"
17.8780808927776	2.0798014568023	0.380685444047356	5.4633070145534	4.673452948486e-08	3.88422920424593e-06	"gene-skia"
75.5504420880834	1.21860593940567	0.223171290384989	5.46040638696612	4.75045925428525e-08	3.91867501925148e-06	"gene-g5100"
20.2686643997441	2.28425092857102	0.418561949136931	5.45737837202143	4.83215930800191e-08	3.96084146822359e-06	"gene-apbb2b"
41.3686013866518	1.20126365399042	0.220479309537577	5.44841897641053	5.08195323564793e-08	4.1393947393004e-06	"gene-med11"
266.279190521895	1.35342656518872	0.248611968391554	5.44393165761484	5.21172224502318e-08	4.21856342470595e-06	"gene-umps"
152.74411776474	-0.535740675234456	0.0984423466241346	-5.44217700620224	5.26333366913455e-08	4.23387790987339e-06	"gene-yipf2"
96.3388264001294	3.14289917406159	0.57773409387539	5.44004448998206	5.32672672532702e-08	4.25842208763643e-06	"gene-cyp17a1"
140.05853590257	3.5037924543839	0.644424181881801	5.43709027825799	5.41577013881656e-08	4.30304534158364e-06	"gene-aqp1a.1"
143.412847305214	1.69912535559031	0.312952907342173	5.42933238748454	5.65652487066435e-08	4.46693009755939e-06	"gene-frmd4ba"
15.6161891712765	2.25981564911097	0.416444608104545	5.42644953286	5.74860692751601e-08	4.5121338374703e-06	"gene-g2636"
73.4014174232218	1.55661464311833	0.287005656448977	5.42363750728047	5.83982519987871e-08	4.55611904600176e-06	"gene-fbrsl1"
253.074888939611	1.13915419109388	0.210205402293334	5.41924317199153	5.98518627701064e-08	4.63910773163445e-06	"gene-pars2"
18.4271102668763	2.28263047983494	0.421283976686246	5.41827035006115	6.01783722426521e-08	4.63910773163445e-06	"gene-znrf2a"
44007.5576049561	-0.711981618573067	0.131489879792467	-5.41472560243268	6.13827654107631e-08	4.70395381559049e-06	"gene-hsp90ab1"
38.5119810479505	1.61445156374703	0.298618339611348	5.40640459607486	6.43024530309301e-08	4.89871217178574e-06	"gene-arhgef28a"
82.4476338554092	0.845361967173234	0.15674696365096	5.39316327080926	6.9227994831438e-08	5.24310971381259e-06	"gene-ptdss2"
25.832013687241	3.18726983791976	0.591745378178842	5.38621838962041	7.19555258698421e-08	5.41800009035073e-06	"gene-adam8a"
50.0408063532127	1.75414080288625	0.325740332446052	5.38508937383971	7.24086600873411e-08	5.41899903254758e-06	"gene-pecam1"
12469.1423270614	-0.66178314713078	0.122914214833919	-5.38410588250495	7.28056390752281e-08	5.41899903254758e-06	"gene-slc25a5_ChrAur1"
352.570133557575	0.734848048395846	0.136521198769259	5.38266624539274	7.33905416065867e-08	5.43131945341088e-06	"gene-nr1h3"
42.0960021490339	1.89780981636676	0.352650324770953	5.38156265019574	7.38419945525067e-08	5.4336799514177e-06	"gene-f8"
65.5948373454328	1.24391026223379	0.231437619476136	5.3747107538066	7.67057163202071e-08	5.59415023704974e-06	"gene-bace2"
28.4042328714459	2.06102245680689	0.383496963167144	5.3742862519321	7.68866297733653e-08	5.59415023704974e-06	"gene-wbp1lb"
19.6066729735809	1.55269828359181	0.289021576921657	5.37225732462421	7.77570374043348e-08	5.6142966537642e-06	"gene-g1698"
75.3265411055608	2.44823159705937	0.455771185300551	5.37162435015483	7.80305302816428e-08	5.6142966537642e-06	"gene-slc4a11_ChrAur2"
3704.49936707816	-0.783815013864771	0.146011900481684	-5.36815842598455	7.9544667359093e-08	5.69161871252825e-06	"gene-rpl5b_ChrAur1"
148.72521618957	1.31166503389364	0.24449422197723	5.3648099463708	8.10344978193321e-08	5.76636143548445e-06	"gene-daam2"
63.1090309501065	0.917807516748902	0.171198633902154	5.36106799353003	8.27313685857086e-08	5.85493964236892e-06	"gene-fbxl3a_ChrAur2"
1994.93343270589	-0.917155828902532	0.17122671180707	-5.35638288689408	8.49044888808149e-08	5.92826785748109e-06	"gene-eif4enif1"
90.4768128319221	0.964643953334259	0.180062448257357	5.35727444933729	8.44867364816411e-08	5.92826785748109e-06	"gene-elmo3"
44.7029650322693	1.75837847705841	0.328308008800992	5.35588054485833	8.51407475477942e-08	5.92826785748109e-06	"gene-ppargc1b"
1161.16929059586	-0.692627792473918	0.129372323232855	-5.35375554188099	8.6147227932122e-08	5.96627138475354e-06	"gene-g16015"
155.849094591683	1.54155827494975	0.288042144569126	5.35184973454396	8.70596807202643e-08	5.99739321812842e-06	"gene-bmpr1ba_ChrAur1"
174.516190273252	0.925663123005336	0.173047680823441	5.34917959374318	8.83538319154407e-08	6.03570757466851e-06	"gene-g13646"
39.0863649756319	1.95033402588967	0.364631404711279	5.34878236128337	8.8547945269633e-08	6.03570757466851e-06	"gene-nampt1"
87.8156140685649	2.31526150482251	0.433014504386073	5.34684515500257	8.95005210637345e-08	6.06869763505982e-06	"gene-tinagl1"
59.874287214252	1.81778866222011	0.340131061307497	5.34437712107901	9.07284989672865e-08	6.11992078190275e-06	"gene-calm2b_ChrAur4"
126.51101860063	1.326461694502	0.248369649712607	5.34067546512575	9.26009000492563e-08	6.2138562514918e-06	"gene-syne1a"
40.3674502059374	2.56134500943038	0.479781918839303	5.33856093540755	9.3687219683541e-08	6.24380941339758e-06	"gene-g18874"
57.013074674228	1.06885855366761	0.200273043313134	5.33700659851866	9.44936024265251e-08	6.24380941339758e-06	"gene-itprid2"
18.5841222424588	2.58631702352818	0.484599602678245	5.33701845654503	9.44874251788351e-08	6.24380941339758e-06	"gene-pld2"
1512.68836650076	-0.737962740390288	0.138310639010848	-5.33554573724735	9.52576128490968e-08	6.26234184775965e-06	"gene-setb"
94.404579809219	1.07840174628328	0.202222352293241	5.3327524581432	9.67351417694574e-08	6.29726071830389e-06	"gene-adpgk"
36.3888281059824	2.27174113680083	0.426001772724026	5.33270348213437	9.67612449187301e-08	6.29726071830389e-06	"gene-LOC119009463"
1351.75318076223	-0.914766040593609	0.171604128274674	-5.33067618938287	9.78477507989205e-08	6.33613110298409e-06	"gene-alg13"
801.90453607475	0.652126401860596	0.122400430488471	5.32781134231404	9.94032927202029e-08	6.37312893078885e-06	"gene-LOC119014476"
1118.65990369064	-0.634707085388024	0.11911487024712	-5.32852937732492	9.90111842812122e-08	6.37312893078885e-06	"gene-necap2"
169.311451565832	-0.916819497735598	0.172251882727594	-5.32255138938304	1.02321864941533e-07	6.5279333638315e-06	"gene-mthfd2l"
7013.83856330412	-0.696708466079822	0.130942498402337	-5.32072073299761	1.03356959123256e-07	6.56164694904556e-06	"gene-top1a_ChrAur1"
292.348952964723	0.680767710030046	0.127996483573459	5.31864384883153	1.04543548410947e-07	6.60460241692771e-06	"gene-clcn3"
131.950209919914	1.64173282697248	0.308793203526433	5.31660933020485	1.05718711433818e-07	6.64642248436591e-06	"gene-actn1_ChrAur1"
194.611439616622	3.34322748766336	0.628986917730053	5.31525758870902	1.06506552238536e-07	6.6636055944023e-06	"gene-tagln"
115.207957227048	2.63676148994248	0.49628256627156	5.31302461368282	1.07820468029206e-07	6.71337923772232e-06	"gene-mmp14b"
41.0348298312146	1.90724391988485	0.359152720406403	5.31039808838615	1.09386038197133e-07	6.77827072100991e-06	"gene-ppm1j"
19.7684448927346	2.03276291935865	0.383089144217191	5.30623994452367	1.11909627419178e-07	6.90162659383704e-06	"gene-LOC119008357"
14.1850165937021	2.39693186368417	0.451981008214291	5.30316942553425	1.13809203162787e-07	6.95256127434554e-06	"gene-clec14a"
63.2726643352352	2.1593398550781	0.407118981460837	5.30395278385176	1.13321635090579e-07	6.95256127434554e-06	"gene-itga3b"
105.456539617628	1.33866945232761	0.252615489161542	5.299237417194	1.16287342796003e-07	7.03761817803679e-06	"gene-gss_ChrAur1"
3648.36876689949	-0.551747636325738	0.104118339283052	-5.29923585148415	1.16288339904245e-07	7.03761817803679e-06	"gene-nek2"
95.0518602817893	1.83014171291469	0.3454931481665	5.29718671014774	1.17600432676562e-07	7.05112594256551e-06	"gene-LOC119026466"
238.006362702443	0.615171564780359	0.1161136153314	5.29801404447356	1.17068964152497e-07	7.05112594256551e-06	"gene-manf"
167.031500986039	0.947297286848585	0.178874572428793	5.29587450013717	1.18448170100611e-07	7.06922696300925e-06	"gene-timp2a"
403.955447936054	1.03137389177619	0.194834717105546	5.29358374676868	1.19942275475448e-07	7.12556151230519e-06	"gene-tjp1a"
872.742172953165	-1.18913142456361	0.225246731508324	-5.27923942159251	1.29721213555298e-07	7.67132162901672e-06	"gene-eno4"
344.070454580816	-0.844429599852041	0.160281763464813	-5.26840721987326	1.37612565118178e-07	8.10100150384329e-06	"gene-zmat1"
416.573240275918	-1.09746311497459	0.208914053154958	-5.25317994840956	1.49495345670743e-07	8.76069783611673e-06	"gene-LOC119019487"
391.963157986818	0.671042229705478	0.127819610859881	5.24991607462403	1.52168522294262e-07	8.83737458400442e-06	"gene-LOC119027149"
3577.17716700441	-0.548980572019573	0.104560357699504	-5.25037006469781	1.51793946698149e-07	8.83737458400442e-06	"gene-rbpms2b"
434.096489257663	-0.849741513681909	0.161983269152546	-5.24585976148977	1.55555195438937e-07	8.95375704946523e-06	"gene-g16019"
97.7630604681807	1.1164284139349	0.212793063887776	5.24654513421399	1.54977895200128e-07	8.95375704946523e-06	"gene-snx17"
211.805236697451	2.15847901467028	0.41163102511756	5.24372285605497	1.57368525624912e-07	9.01805210339926e-06	"gene-notch3"
427.052400201203	0.950749397166818	0.181438949495094	5.24005126690024	1.60531992932324e-07	9.10331097566029e-06	"gene-calr3a_ChrAur2"
490.935258579566	-0.645738628781732	0.123228108162388	-5.24018942115696	1.60411852722052e-07	9.10331097566029e-06	"gene-exd1"
19652.6796396866	-0.636419621912	0.121464461971194	-5.23955411800147	1.60965038485538e-07	9.10331097566029e-06	"gene-g2487"
27.0239129721799	2.76103773630202	0.527153650580043	5.23763372076427	1.62648449669647e-07	9.15852205074607e-06	"gene-foxo3b"
1196.02642605137	-0.71711747548576	0.136941355677367	-5.23667574297485	1.63494560170281e-07	9.1663118994169e-06	"gene-kri1"
180.668120281622	1.30877438315486	0.250088164754307	5.23325197911957	1.66553441520147e-07	9.29755871175616e-06	"gene-kcnip4"
60.9534356269804	1.92651014901702	0.368378434936602	5.22970393027642	1.69781723405551e-07	9.43709484903556e-06	"gene-zeb2b"
126.081222798707	0.782643986441476	0.149723415654039	5.2272651076162	1.72035744910737e-07	9.52151680486733e-06	"gene-arhgap10"
103.68998766727	0.984184138785424	0.188354483349854	5.22516969748672	1.73995460097857e-07	9.5890008669249e-06	"gene-mfsd13a"
233.716662505039	1.20540850320857	0.230738852713693	5.22412454180084	1.74980983403459e-07	9.60245218668728e-06	"gene-lpin2_ChrAur1"
12992.1673086878	-0.513235951104926	0.0982959793174671	-5.22133208976254	1.77640654026676e-07	9.70727472700205e-06	"gene-naca"
69.0440102912048	1.63456776941039	0.313425862772892	5.21516557360424	1.83653116331366e-07	9.86925937596482e-06	"gene-g9619"
628.287994885828	-0.759200933388506	0.145536096439481	-5.21658167260388	1.82255233992096e-07	9.86925937596482e-06	"gene-ppid"
990.442923962712	-0.518496933750724	0.0993922766095027	-5.21667227512879	1.82166147937923e-07	9.86925937596482e-06	"gene-tfdp1a"
159.227483650257	1.54869313235326	0.296931875658571	5.2156513305228	1.83172444327336e-07	9.86925937596482e-06	"gene-tns2a"
366.200214975124	0.572551954867706	0.109871447894638	5.2111077612881	1.87716370605057e-07	9.93685475041472e-06	"gene-atpaf1"
109.239380420249	0.955913842812886	0.183400508008446	5.21216573058165	1.86648685395455e-07	9.93685475041472e-06	"gene-fam13b"
3790.36881193787	-0.588095028076688	0.112873271890267	-5.21022398153235	1.88612790137145e-07	9.93685475041472e-06	"gene-pabpc1l"
755.02888111993	-0.638594152685055	0.122554110836014	-5.21071180990037	1.8811747447651e-07	9.93685475041472e-06	"gene-tbk1"
37.981121534937	1.33407940917557	0.256056799174592	5.21009171979038	1.88747298942323e-07	9.93685475041472e-06	"gene-tmem222b"
104.161114488615	2.84170845800274	0.545678293849209	5.20766262839111	1.91234211987173e-07	9.99388839753064e-06	"gene-fstl3"
375.33943828771	3.78928942983077	0.727656219884428	5.20752702482584	1.91373972866003e-07	9.99388839753064e-06	"gene-g10576"
32.2101599882583	2.36415862918954	0.454811549083673	5.19810597147917	2.01329349373652e-07	1.04338703374766e-05	"gene-igfbp7"
934.251929870482	0.515405797678273	0.0991540440809764	5.19803102793625	2.01410515355505e-07	1.04338703374766e-05	"gene-LOC119019175"
100.874444183539	1.23858979406808	0.238445001921343	5.19444645133161	2.0532986201428e-07	1.05524882656625e-05	"gene-nek7_ChrAur1"
869.094357749645	-0.554785411519544	0.106798966996836	-5.19467020253088	2.05083072483681e-07	1.05524882656625e-05	"gene-ywhae1_ChrAur2"
64.1821223254925	2.37019826284157	0.45768697936795	5.17864472813873	2.23503645207233e-07	1.1441089759205e-05	"gene-LOC119005887"
183.351871269693	1.38640903804125	0.267914016803488	5.17482830716607	2.28120655812593e-07	1.16314591079878e-05	"gene-ero1a"
333.323621248682	1.26899252865576	0.245425515246668	5.17058109210994	2.33367176323044e-07	1.18523070610186e-05	"gene-fech"
74.5757484969704	0.97025414034719	0.187676418703261	5.16982446197078	2.34313984001627e-07	1.18539078390823e-05	"gene-usp31"
131.417764968956	1.45320838724555	0.281286475477918	5.16629313505559	2.38782205203309e-07	1.20329507376967e-05	"gene-pxdn"
152.257888343381	1.28262398005404	0.248414797877358	5.16323500457193	2.42718103099564e-07	1.21838843148932e-05	"gene-map3k22"
169.633557901444	1.25349641076131	0.242984123740561	5.15875848785781	2.48592727510491e-07	1.23160658748386e-05	"gene-dip2ba"
274.421935167598	2.12266760260682	0.411502452737052	5.15833523831555	2.49155220385122e-07	1.23160658748386e-05	"gene-mylka"
1098.28195182579	-0.460033896091786	0.0891496876398735	-5.16024125569711	2.46631809783294e-07	1.23160658748386e-05	"gene-ppat"
107.575656979123	1.17485929313806	0.227701806933973	5.15963974532153	2.47425481874058e-07	1.23160658748386e-05	"gene-prkd2"
179.755437464001	1.8400799897435	0.357088455801197	5.15300889695503	2.56339798410642e-07	1.26230293886548e-05	"gene-col4a6"
188.399729170261	-0.561169737329764	0.10898816661446	-5.14890519550507	2.62011262118124e-07	1.28534388473175e-05	"gene-g4590"
171.934608902856	1.12768076802445	0.21929892016067	5.14220848510451	2.71527557500417e-07	1.3270012819577e-05	"gene-g17802"
661.879203600007	-1.32888454599714	0.258843458447439	-5.13393134973503	2.83751633031223e-07	1.38152909751405e-05	"gene-h2ax1"
135.833178760302	1.24127356148909	0.241964498424423	5.12998216503568	2.89769631613771e-07	1.40554550525466e-05	"gene-susd6"
1300.328453244	-0.619246055146705	0.120775873321944	-5.1272330980876	2.94031384776204e-07	1.41944123795094e-05	"gene-eif2a"
231.796209575793	0.879622700337501	0.171575963748004	5.1267245196968	2.94826417271874e-07	1.41944123795094e-05	"gene-lyar"
94.3950976047238	1.07382215951633	0.209571465575907	5.12389488027602	2.99287882173822e-07	1.43558420816043e-05	"gene-g12156"
196.332116138957	0.518959277903823	0.101429207510322	5.11646783645638	3.11310341347219e-07	1.48774178257853e-05	"gene-thrap3b"
49.5572605954822	1.94106450928985	0.37949307041011	5.11488788765546	3.13927356126989e-07	1.49473279014729e-05	"gene-rasgef1ba"
934.747138131181	-0.616412323037056	0.120537167385588	-5.11387762303393	3.15611870117251e-07	1.49672058779815e-05	"gene-tdrd7b_ChrAur2"
17.9997835062562	2.962599847959	0.579396192420486	5.11325391280609	3.16656197248625e-07	1.49672058779815e-05	"gene-wfdc1"
45.7145619958336	1.45322138504767	0.284299786460642	5.11158099391977	3.19473798674086e-07	1.50454733331931e-05	"gene-rabl2"
2191.80731115246	-0.525007512254801	0.102742214631232	-5.10994934398861	3.22245200915095e-07	1.51210057864181e-05	"gene-LOC119019388"
81.5534235600064	1.24408241280286	0.243628398871156	5.10647534756733	3.28223408433069e-07	1.53459254968111e-05	"gene-svild"
231.459126712006	1.28417423672891	0.251540758343126	5.1052332241806	3.30386782663282e-07	1.53525433548609e-05	"gene-nfe2l2a"
305.715346809564	1.10084694637071	0.215639512267362	5.10503355714245	3.30735819319449e-07	1.53525433548609e-05	"gene-tln1"
209.592247068489	0.629607170449584	0.123396584173736	5.10230631314015	3.35539080696142e-07	1.55198808360562e-05	"gene-srpra"
76.5573512329754	1.00908854527531	0.198019585916073	5.09590271390122	3.47083344976099e-07	1.55996053711821e-05	"gene-ap2b1"
260.70701265126	0.718196790435672	0.140957784085145	5.09511975586851	3.48520874868317e-07	1.55996053711821e-05	"gene-appa_ChrAur2"
144.230433717334	0.989777582332416	0.194084284421615	5.0997306931987	3.40137081013821e-07	1.55996053711821e-05	"gene-c16h20orf194"
100.666596461579	2.21584242366416	0.434987224536965	5.09404023537216	3.50512328238283e-07	1.55996053711821e-05	"gene-g15039"
82109.4030589439	-0.86455557082067	0.169618221123619	-5.09706778607574	3.44954833913564e-07	1.55996053711821e-05	"gene-g15736"
336.423338070274	-0.742604412200493	0.145771807518315	-5.09429377904359	3.50043617129671e-07	1.55996053711821e-05	"gene-g3065"
3175.14582919379	-0.718709210262905	0.141010840095766	-5.09683659621347	3.45376198192039e-07	1.55996053711821e-05	"gene-haus6"
66.2685365713441	2.11740551255549	0.415494288882847	5.09611219506442	3.46699704027659e-07	1.55996053711821e-05	"gene-hephl1a"
39.6120175908615	1.44939405226087	0.284372642759471	5.09681254215019	3.4542006740588e-07	1.55996053711821e-05	"gene-pcdh1a"
576.614109658388	-0.793563837515823	0.155713274144659	-5.09631463261505	3.46329351579319e-07	1.55996053711821e-05	"gene-proser3"
33.6712349080459	1.71532748717623	0.336485768840669	5.09777127599255	3.43675710452397e-07	1.55996053711821e-05	"gene-rundc3aa"
1569.96078022603	-1.23296953367016	0.242136353750131	-5.09204633907433	3.54219499181803e-07	1.57106052530943e-05	"gene-hcls1"
50.117561603195	-2.23444901479612	0.439001413246608	-5.08984469610564	3.58356888510354e-07	1.58398636965788e-05	"gene-g18568-2"
486.099357854353	1.71224335210524	0.336730013839439	5.0849145657734	3.67791585602812e-07	1.62015946433402e-05	"gene-krt18a.1_ChrAur1"
748.82907004221	-0.650258785806687	0.127973967586247	-5.08118016555556	3.7509714484413e-07	1.63939290234218e-05	"gene-cdc14b"
61.6642611338427	1.6130163315255	0.317531998820161	5.0798544320538	3.77724187907301e-07	1.63939290234218e-05	"gene-g13802"
769.213263689567	-0.856949410744728	0.168685266264181	-5.08016751980368	3.77102183579151e-07	1.63939290234218e-05	"gene-g9916"
173.288534295047	0.758313003787069	0.149289754737871	5.07947116075411	3.78486972280373e-07	1.63939290234218e-05	"gene-micu1"
126.408708128078	1.88973332624375	0.371925681462657	5.08094337237503	3.75565071711516e-07	1.63939290234218e-05	"gene-plvapb"
188.208306675191	1.65579995240999	0.326081349764096	5.07787382997488	3.81682009242999e-07	1.64772123390203e-05	"gene-LOC119021080"
28.6546750936453	3.00698640768471	0.592628395469383	5.07398300633751	3.8957386286547e-07	1.67620302258163e-05	"gene-gatm"
42.2719868450985	1.13589378814175	0.223962439572338	5.07180485402272	3.94060370712444e-07	1.68981362973357e-05	"gene-g5623"
908.208205434214	-0.56522445722602	0.111458068252465	-5.07118476112219	3.95346714392148e-07	1.68981362973357e-05	"gene-hprt1"
319.445404421551	-0.529328823862663	0.10442182260759	-5.06913986602059	3.99617496868369e-07	1.70244940853363e-05	"gene-dazl"
37.4569065783046	2.38518557194432	0.470829451337739	5.06592262902721	4.06426980494151e-07	1.72553337185703e-05	"gene-gsna"
119.77640876301	0.825864104174179	0.163042616592499	5.06532660867622	4.0770072719346e-07	1.72553337185703e-05	"gene-lmtk2"
32.8951045329976	1.0805145838891	0.213747780281617	5.05509148429752	4.30184507598213e-07	1.81026609217536e-05	"gene-g10635"
662.524761348743	0.90903925292983	0.179831707232232	5.05494424159533	4.30516528754545e-07	1.81026609217536e-05	"gene-parp1"
46.3145404742106	1.39330925959424	0.27573473170649	5.05307855478056	4.34744982616398e-07	1.81625234511773e-05	"gene-aak1b"
746.449392260761	-0.453593474436643	0.0897603497039371	-5.05338354777764	4.34051007511794e-07	1.81625234511773e-05	"gene-elac2"
929.446029464966	-0.570344888678278	0.112952570886239	-5.0494192757481	4.43155148710266e-07	1.84543483310182e-05	"gene-anp32b_ChrAur1"
1963.05870649897	-0.747294740558352	0.148067748359937	-5.04697848677862	4.48851869138416e-07	1.86316684526014e-05	"gene-bop1"
594.383393132758	-0.473298754533027	0.0937954223068145	-5.04607520167474	4.50977962932641e-07	1.86601137314397e-05	"gene-pfdn2"
27.4789680938091	2.02949408550275	0.402371908036251	5.04382648233959	4.56313132818231e-07	1.88207368889456e-05	"gene-LOC119012174"
24.2468411163873	2.2134373895378	0.43909144318176	5.04094858578594	4.63229919273136e-07	1.90453672524012e-05	"gene-lims1_ChrAur2"
1926.67076307824	-0.822894591862701	0.163263474705687	-5.0402859142017	4.6483686090011e-07	1.90509562832827e-05	"gene-hnrnpaba"
66.5892844624316	1.02977310445058	0.204371772029142	5.03872474278759	4.68643897727072e-07	1.91463946986224e-05	"gene-vps26a"
18.1562209754877	1.84898889612074	0.367112139841809	5.03657791572211	4.73928246541372e-07	1.93013984935765e-05	"gene-slc2a8"
576.241010332064	-0.61385486359648	0.122057903604234	-5.02921028028527	4.92504044541481e-07	1.99950466484537e-05	"gene-g15951"
132.032939152276	0.999401928553447	0.198813121749147	5.02684088334193	4.98625743881328e-07	2.01803187781471e-05	"gene-rb1cc1"
232.58330566972	0.874113811703002	0.173976632787023	5.02431733331145	5.05226403637332e-07	2.0257545366895e-05	"gene-acadvl"
16.2100313729183	2.4767639603871	0.49286661078889	5.02522164449882	5.02851435362975e-07	2.0257545366895e-05	"gene-emid1"
107.122428059518	1.56888993467097	0.312250720514805	5.02445577094059	5.04862128663455e-07	2.0257545366895e-05	"gene-itgav"
823.085425488529	2.15827167205163	0.429774912853035	5.02186518455457	5.11720977658722e-07	2.03827206204501e-05	"gene-g22153"
90.4771311408242	1.12043545405053	0.223125000659796	5.02155944308043	5.12536363892419e-07	2.03827206204501e-05	"gene-LOC119018635"
75.9138908306465	1.41122792659035	0.281068480980731	5.0209398139064	5.14192705949036e-07	2.03827206204501e-05	"gene-rnf170"
34.8677456088212	2.38353165280007	0.474734146380204	5.02077145908766	5.14643629286324e-07	2.03827206204501e-05	"gene-si:ch211-136a13.1"
26.8842901101968	-1.32160563941841	0.263510043302364	-5.01539001267568	5.29259945236517e-07	2.08976998498724e-05	"gene-g22125"
17.9465506672347	2.10755200795546	0.421192235834672	5.0037769660662	5.62177971153439e-07	2.21299905909064e-05	"gene-sh3tc2"
237.67618048812	0.818978863452567	0.163696376376977	5.00303599614531	5.64343980146408e-07	2.21479360208367e-05	"gene-akap11"
157.90086134068	0.916902022406897	0.183312587522108	5.00184976275192	5.678283468408e-07	2.22173562535806e-05	"gene-tgfbrap1"
57.8167642966193	1.34819503736116	0.269754464191137	4.99785996648377	5.79700563764482e-07	2.2545651655597e-05	"gene-edem1"
69.0327516353927	-0.980238672781497	0.196116999658437	-4.99823408724746	5.78577224576344e-07	2.2545651655597e-05	"gene-g13379"
422.984725732355	-0.542600036811265	0.108626687567603	-4.99508959502774	5.88084589209187e-07	2.28032440564317e-05	"gene-pagr1"
59.3379743195981	1.31914136290675	0.264164042291737	4.99364467420557	5.92503637156102e-07	2.28378410857401e-05	"gene-asap1b"
9819.16042090526	-0.796164496473371	0.159431161983899	-4.99378218515259	5.92081708666427e-07	2.28378410857401e-05	"gene-cirbpa"
117.904051303868	0.784004424470502	0.157060290147376	4.99174185744111	5.98371937766117e-07	2.2905347652835e-05	"gene-ralbp1"
28.6248306447425	1.43976058217506	0.288450643739911	4.99135853367433	5.9956087208023e-07	2.2905347652835e-05	"gene-selenou1a_ChrAur2"
81.5918325164017	-0.784965201921735	0.157246505582296	-4.99194051413065	5.97756669615972e-07	2.2905347652835e-05	"gene-ttc19"
25.4842620639708	2.63839659131452	0.528693424112364	4.99040932038106	6.02514804087169e-07	2.29504977286263e-05	"gene-ryr2a"
350.664702310044	0.614978686856977	0.123397124204902	4.98373597293727	6.23681697021191e-07	2.36871016367198e-05	"gene-LOC119019657"
6357.69510956877	-0.74416605090904	0.149382552486042	-4.98161290274225	6.30564766170492e-07	2.38784920662984e-05	"gene-epcam"
206.464825090666	0.921430170948261	0.185090857430255	4.97825869813948	6.41588656192705e-07	2.42251157036493e-05	"gene-calub"
44.9785349662876	1.0467842150663	0.210399821606605	4.97521436602513	6.51754735979385e-07	2.45374290281076e-05	"gene-g15439"
548.861180044297	-0.758418632261231	0.15254551243649	-4.97175315187974	6.63501527480706e-07	2.49072703837757e-05	"gene-prdm15"
48.4447829517769	1.60133748477046	0.32266750943446	4.96280982109764	6.94806079146115e-07	2.60070333266513e-05	"gene-vapb"
20.6770565801133	2.18907974532227	0.44170701990729	4.95595416568596	7.19761834062999e-07	2.65573661337604e-05	"gene-adgrg1"
797.56517824995	2.43001647372243	0.49022146650999	4.95697687623173	7.15984941861243e-07	2.65573661337604e-05	"gene-ecm1a"
8354.23061201113	-0.967965583112623	0.195310786200533	-4.95602727295756	7.19491211513932e-07	2.65573661337604e-05	"gene-hnrnpa1b"
1546.19974662843	-0.459400524562535	0.092689812917908	-4.95632162910296	7.1840257954891e-07	2.65573661337604e-05	"gene-lmnb1"
155.327778595027	0.984734037890839	0.198658183709888	4.95692661385098	7.1617011491365e-07	2.65573661337604e-05	"gene-pbxip1b"
9452.90170298797	-0.630520007851675	0.127241263343811	-4.9553108109905	7.2214758480408e-07	2.65696970761296e-05	"gene-g13390"
140.846773838152	0.732905995051136	0.148149221941097	4.94707960965556	7.53351717827216e-07	2.76392580667996e-05	"gene-cul4a"
49.547063049297	1.41458163146309	0.286082521725953	4.94466289981239	7.62757369277773e-07	2.79052844336622e-05	"gene-iqce"
589.006890523103	-0.684988847594619	0.13857660006056	-4.94303401364494	7.69160579511978e-07	2.79814569248866e-05	"gene-dhdh.2"
22.0113777263458	2.42084984718549	0.489726931377958	4.94326468910721	7.68250648942104e-07	2.79814569248866e-05	"gene-pim1"
68.8073345740473	0.973288690232035	0.196938929986314	4.94208377337925	7.7291988963916e-07	2.80394551560694e-05	"gene-tollip"
443.720297358368	0.474806903439752	0.0961235472568048	4.93954828957001	7.8303750923674e-07	2.83271474361034e-05	"gene-septin7b"
731.800410824578	2.35506699425956	0.477042397658972	4.93680856422147	7.94113514814891e-07	2.85682336954657e-05	"gene-si:ch1073-459j12.1"
211.682507776025	0.674881679868154	0.136699604359244	4.93696878664388	7.93461643401688e-07	2.85682336954657e-05	"gene-zgc:65997"
66.0379114682258	1.12451472562382	0.227832905686051	4.93569935491836	7.98640545508102e-07	2.86515061076882e-05	"gene-lpar3"
62.6900675913739	0.913489983694087	0.185313871879961	4.92942041751634	8.24739226510132e-07	2.95060710567202e-05	"gene-ostm1"
49.736746482135	2.18938439538964	0.44440367359088	4.92656682537956	8.36869995767983e-07	2.98575848903338e-05	"gene-lpar6a"
72.8273406218632	1.85492370604462	0.376619612144321	4.92519148294863	8.42777840355996e-07	2.99857577210179e-05	"gene-oat"
95.1220491249406	1.42937910932048	0.290280013918827	4.92413890306683	8.47326355455804e-07	3.00649962452277e-05	"gene-arrdc2"
9470.94056094831	-0.731859602126134	0.148819094389793	-4.91778024269667	8.75310958817809e-07	3.09730935181679e-05	"gene-buc"
83.8928174455065	1.6966274003341	0.34506855706816	4.91678353643498	8.79777393139752e-07	3.10463134020516e-05	"gene-stab1"
860.527572762841	-0.595852496902269	0.121223090426293	-4.91533828090748	8.86292866952243e-07	3.11912470649416e-05	"gene-sirt6"
459.297409744568	0.940139488983722	0.191449850388813	4.91063057544525	9.07839793821764e-07	3.18629625197443e-05	"gene-cdc16"
19627.6509267238	-0.596291674785736	0.12146451372794	-4.90918422578407	9.14560335682582e-07	3.20120835335814e-05	"gene-g2486"
137.946166491059	0.83465012429872	0.170067068272641	4.90777040361901	9.21176019371031e-07	3.21567402341623e-05	"gene-vaspb"
21.7626351104134	2.1949662358343	0.447424881503029	4.90577597844083	9.30586907527412e-07	3.23979329015793e-05	"gene-gmpr2"
277.645899832705	-1.39105563488793	0.283715717994505	-4.9029910810753	9.43882715181445e-07	3.26850937013767e-05	"gene-LOC119025698"
3772.20776860224	-0.440067470165148	0.0897471753547072	-4.90341304253724	9.41856473162426e-07	3.26850937013767e-05	"gene-mta3"
16684.7139316303	-0.758608985128598	0.154800660418168	-4.90055393225935	9.5566817895796e-07	3.30049562284921e-05	"gene-ccnb2_ChrAur1"
333.525717406507	-0.589412856083043	0.120314374081882	-4.89893963693736	9.63552380522463e-07	3.31887417025171e-05	"gene-g11675"
157.950215259377	0.786451437240734	0.160631302503325	4.89600361190156	9.78052689281994e-07	3.35988338962629e-05	"gene-trim13"
308.353020184441	-0.646439819729177	0.132121199200025	-4.8927789305825	9.9422063014899e-07	3.40638925424856e-05	"gene-srp68"
24.0289568337823	2.06269167908362	0.421698532195219	4.89138927836896	1.00126713069878e-06	3.42148037194721e-05	"gene-renbp"
750.769617320465	-0.555593957007947	0.113618549506278	-4.88999339828085	1.00839359546698e-06	3.42774421388264e-05	"gene-henmt1"
394.401622564795	-0.560997613066075	0.114721876100172	-4.89006658656998	1.00801873346232e-06	3.42774421388264e-05	"gene-lig3"
384.381723260783	-0.945728535608553	0.193442747540205	-4.88893250139549	1.01384248035082e-06	3.43724449293808e-05	"gene-eea1"
4282.45896764531	-0.546308763152388	0.111816103328581	-4.88577894319044	1.03020735281699e-06	3.47453526727417e-05	"gene-sfpq"
29.1801664475449	2.03036724945874	0.415565676278457	4.88579150145755	1.03014168231998e-06	3.47453526727417e-05	"gene-smox"
6199.45555533384	-0.938426824136027	0.19215907446426	-4.88359358907386	1.04169671612364e-06	3.5041595248097e-05	"gene-nanog"
149.268215978011	0.937256783607001	0.191944796614066	4.8829496820979	1.04510547294386e-06	3.50651838862588e-05	"gene-slc38a10"
35584.0049063124	-0.617927507647478	0.126602663459232	-4.8808412932518	1.05634229123177e-06	3.53506176065703e-05	"gene-zpax4_ChrAur2"
896.043217381655	-0.535834333628347	0.109794926543856	-4.88031961489874	1.05914050875843e-06	3.53529090951815e-05	"gene-pfn2a_ChrAur2"
98.4017586772932	1.18041032727572	0.241976115645601	4.8782100833644	1.07052869588834e-06	3.56411751682517e-05	"gene-ralgapa1"
1640.84906137506	-0.339792176814968	0.0697704079900135	-4.87014748234816	1.11514983207898e-06	3.70315525006535e-05	"gene-apex1"
35484.7344319603	-0.712435824268438	0.146318412753193	-4.86907840826678	1.12119916556114e-06	3.71372132817963e-05	"gene-g11774"
155.25087449961	2.37940192507473	0.488924536804605	4.86660362890651	1.13532405077594e-06	3.7509137197957e-05	"gene-krt18b"
163.794374881561	0.63586433698085	0.130701824310072	4.86499970706108	1.14456976838692e-06	3.77183793139415e-05	"gene-pi4k2a"
85.2083591360436	1.12007931347703	0.230326540259261	4.86300585341249	1.15616426677175e-06	3.79754604008054e-05	"gene-lifra"
179.815503378763	1.09523862950866	0.225234850026095	4.86265171389674	1.158235414896e-06	3.79754604008054e-05	"gene-nrip1b"
50.56154559338	2.11747729370197	0.435548444927324	4.8616343792831	1.16420506765952e-06	3.80747975536828e-05	"gene-arhgap31"
992.759650493294	0.474025943696931	0.0975427158044901	4.85967547435367	1.17578328215675e-06	3.82726112705914e-05	"gene-ddost"
797.391501823456	-0.613992291396996	0.126345965279489	-4.85961138560132	1.17616394762531e-06	3.82726112705914e-05	"gene-tmpob"
469.830648714623	-0.704825450156167	0.145085042021164	-4.85801596317113	1.18567852411069e-06	3.83893064143938e-05	"gene-g13839"
59.2186521667078	1.39161495943983	0.286431865314835	4.85845022134747	1.18308144096515e-06	3.83893064143938e-05	"gene-g6732"
363.793261634465	0.493730922811542	0.101654125786749	4.85696885384951	1.19196334490756e-06	3.8496551820194e-05	"gene-g4160"
343.036952334032	-0.677536236274597	0.139538407809509	-4.85555372825763	1.20050797059603e-06	3.85800960972437e-05	"gene-g14151"
765.699909778865	-0.31221599345375	0.0642948763850236	-4.85600114671774	1.1978000767273e-06	3.85800960972437e-05	"gene-tmed2"
35.8565202057798	1.66092562531622	0.342249634923296	4.8529653674823	1.21628937633497e-06	3.89905042398865e-05	"gene-exoc3l2a"
55.1155899655551	1.56426848872099	0.322422942113965	4.85160416459471	1.22466860617275e-06	3.91621805396132e-05	"gene-akap13"
266.446112919496	0.886304432984367	0.182737168377852	4.85015960820693	1.23362167091339e-06	3.92546296314478e-05	"gene-g15031"
803.530779085663	-0.473311662886349	0.0975773875009593	-4.85062856270563	1.23070830674025e-06	3.92546296314478e-05	"gene-g5073"
113.633072167359	2.28010244170508	0.470186816889743	4.84935425622482	1.23864038032262e-06	3.93177244253878e-05	"gene-lhcgr_ChrAur1"
288.430362058371	0.614578183418331	0.126788438965445	4.84727305133736	1.25170094843682e-06	3.96351564381547e-05	"gene-cnn3a"
10274.0051886555	-1.10792269685883	0.22867493237408	-4.84496785614621	1.26632178703267e-06	3.98351523742843e-05	"gene-dkc1"
48.5482943750701	2.11820319719317	0.437149947856896	4.84548427279368	1.26303217292899e-06	3.98351523742843e-05	"gene-itga6b"
558.78680333122	0.718151035634641	0.148230595671121	4.84482324572182	1.26724444276157e-06	3.98351523742843e-05	"gene-pcsk5b"
30.5651979133132	2.00153980629443	0.413317914309469	4.84261566459902	1.28140998039664e-06	4.00858469954513e-05	"gene-amt"
882.988386103997	0.486768929017298	0.10051379810172	4.8428070395339	1.28017596691005e-06	4.00858469954513e-05	"gene-LOC119024665"
62.060022752632	1.12063248272447	0.231664842724332	4.83730060006543	1.31614308980044e-06	4.107317868917e-05	"gene-txnrd2.2"
101.045229885374	1.53981960050751	0.318454746371078	4.83528544653325	1.3295470912393e-06	4.1391741294808e-05	"gene-aplp1"
2247.34300484772	-0.638903010839249	0.132172456216613	-4.83385895312539	1.33911482331832e-06	4.15896308796057e-05	"gene-trmt2a"
456.023688644286	-0.475012733524404	0.0982894344352197	-4.83279547037657	1.34629083265278e-06	4.17124702719763e-05	"gene-slc30a7"
94.006119611542	1.87063887481483	0.387662901473367	4.82542659538792	1.39703913001615e-06	4.31815125843418e-05	"gene-plecb"
672.801544628927	-0.519749906405736	0.107744170411624	-4.82392601307421	1.4075964960343e-06	4.34042433812863e-05	"gene-nfyc"
550.039674286556	-0.504585798604211	0.104613843347356	-4.82331766484099	1.41189835788313e-06	4.34334813134073e-05	"gene-pibf1"
241.330327289944	0.62498331936112	0.129598055105181	4.82247452597871	1.41788142229706e-06	4.35141760667518e-05	"gene-armh3"
16.5767300888226	2.08565355647162	0.432554582615846	4.82171184930873	1.42331450826359e-06	4.35776505827936e-05	"gene-klf6a_ChrAur2"
26.6770778111405	1.99389165227892	0.41364870919409	4.82025353388292	1.43375890953672e-06	4.37938953712502e-05	"gene-pde4ba_ChrAur1"
432.503369987946	1.08804304662002	0.225798449496799	4.8186471122577	1.44534934233856e-06	4.40440454885334e-05	"gene-akt1s1"
40.9420289554634	2.05274164447964	0.426221244223351	4.81614108236226	1.46361060200741e-06	4.44958237244084e-05	"gene-mtmr11"
71.4291718047469	1.85281339206533	0.384876028499254	4.81405246071053	1.47899954293376e-06	4.46785139677696e-05	"gene-egln2"
38.167853556038	2.43941750953097	0.506791224935161	4.81345648761592	1.48341911868898e-06	4.46785139677696e-05	"gene-scarb2b"
4419.41825899539	-0.400432671166302	0.0831869993109935	-4.81364485415912	1.48202087255325e-06	4.46785139677696e-05	"gene-uba2"
23.7884795841028	2.04200171837825	0.424130255073266	4.8145627291444	1.47522559260352e-06	4.46785139677696e-05	"gene-wu:fb13g09"
1443.49774705541	-0.600908439008697	0.124851498088634	-4.81298541233446	1.48692146839965e-06	4.46800926618188e-05	"gene-nop9"
1472.95817579729	-0.591270841143418	0.122873709243013	-4.81202077145757	1.4941182049369e-06	4.47924186855041e-05	"gene-wls"
17.1811989693776	2.40009868869361	0.498970160457515	4.81010464932996	1.50851295858252e-06	4.51195180752939e-05	"gene-prf1.5"
3999.09549874753	-0.547590038615959	0.11390133487936	-4.80758227457074	1.5276655527553e-06	4.5563031870029e-05	"gene-h3f3c_ChrAur1"
55.4862602266312	1.77228993844836	0.368671944617522	4.80722757541809	1.53037748926435e-06	4.5563031870029e-05	"gene-pdgfra"
6579.73587518281	-0.496639813492994	0.103332748220876	-4.80621895811208	1.53811442917944e-06	4.55850150591142e-05	"gene-cdt1"
317.865903280404	-0.631271703511501	0.131354631780245	-4.80585796599555	1.54089266830008e-06	4.55850150591142e-05	"gene-ift81"
102.500666697529	0.672214795739013	0.139877001926662	4.80575638939886	1.54167528344468e-06	4.55850150591142e-05	"gene-ndfip1l"
136.364293895804	1.15925687087041	0.241249251896905	4.80522472818199	1.54577780134533e-06	4.56022057066592e-05	"gene-gpsm1b"
2280.25949609253	-0.580608106004744	0.120887487683755	-4.80288007575797	1.56399564789194e-06	4.59956545167966e-05	"gene-sf3a1"
76552.162476325	-0.709590661561971	0.147751481610903	-4.80259591190189	1.56621756172553e-06	4.59956545167966e-05	"gene-zpax1"
79.4500606880334	2.14932920759882	0.447619835044152	4.80168446375218	1.57336478698724e-06	4.61010121182617e-05	"gene-LOC119030029"
630.235067376327	-0.473270471967421	0.0986853872815809	-4.79575026256957	1.62067091222666e-06	4.7166986481455e-05	"gene-celf2_ChrAur2"
53.2582043164156	1.84443064192726	0.384534542260452	4.79652785178917	1.61439519396707e-06	4.7166986481455e-05	"gene-midn"
4759.46646668076	-0.483737536204174	0.100864351409611	-4.79592174483639	1.619284911636e-06	4.7166986481455e-05	"gene-nop58"
399.515976665786	0.522365471137905	0.108947706446729	4.7946440377184	1.62963938727684e-06	4.73216585305434e-05	"gene-emc2"
21.7424160028018	2.34784666322157	0.49031111837122	4.78848342460794	1.68046440657985e-06	4.8688354652384e-05	"gene-cldn5a_ChrAur2"
129.864545219264	0.84844816149103	0.177237623989947	4.78706576172086	1.69237392473293e-06	4.89092252115676e-05	"gene-rock2a_ChrAur1"
164.073301138142	0.693551634028922	0.144892042081988	4.78667857849965	1.69564065477522e-06	4.89092252115676e-05	"gene-tpbg"
332.332868441481	1.39264867997293	0.291068416601986	4.78460939263386	1.7132017184957e-06	4.91966196368909e-05	"gene-LOC119017306"
275.505786409568	-0.825346869092895	0.172493164145355	-4.78480914407366	1.71149884627996e-06	4.91966196368909e-05	"gene-phf21ab"
43.2435253832018	1.50990128006119	0.315614958588937	4.78399783968324	1.71842531037318e-06	4.9237447333281e-05	"gene-LOC119004932"
2965.03961510261	-0.541037539126584	0.113110903472716	-4.78324832103466	1.72484821692825e-06	4.93123824667502e-05	"gene-tp53"
655.030494839184	-0.441784999778197	0.0923886097883135	-4.78181239863271	1.7372176727614e-06	4.94477056701822e-05	"gene-dis3"
578.573065244192	0.735736153066344	0.15385066965112	4.78214462592031	1.73434821202081e-06	4.94477056701822e-05	"gene-idh3b"
21709.9216769206	-0.825031973436639	0.172600291595304	-4.7800149455778	1.75282163811075e-06	4.94828592375376e-05	"gene-ccna2"
21.9415997011951	1.38544841685673	0.289813018827974	4.78049061584461	1.74867921584126e-06	4.94828592375376e-05	"gene-igsf9b"
60.3257629620899	-0.888864203965231	0.18596064532357	-4.77985114763725	1.75425027045521e-06	4.94828592375376e-05	"gene-LOC119019486"
431.448396463337	-0.542250745189447	0.113454097406291	-4.77947255838269	1.757556578586e-06	4.94828592375376e-05	"gene-rcor1"
30.0349097402792	1.3493367150524	0.282314383807679	4.77955354896691	1.75684876582291e-06	4.94828592375376e-05	"gene-tax1bp1a"
847.926286443539	-0.506788384811486	0.106076924721372	-4.77755540276689	1.77439169984452e-06	4.98484748474758e-05	"gene-tm9sf4"
4946.45821320888	-0.585606805937668	0.122692596699487	-4.77295958917558	1.81538227299698e-06	5.08896446268049e-05	"gene-g10134"
4097.44710448897	-0.518169841527223	0.108592806496622	-4.77167740888381	1.82697955488456e-06	5.09939918433404e-05	"gene-g11805"
1487.74965981381	-0.954183297348851	0.19995064271302	-4.77209417485267	1.82320213231528e-06	5.09939918433404e-05	"gene-pnn"
1624.89712897443	-0.575532883301274	0.120639984214606	-4.77066444469573	1.83619208937889e-06	5.11409112893462e-05	"gene-top1mt"
93.6483060762323	1.02463761432954	0.215095788819576	4.7636340067495	1.9013723765063e-06	5.28426473135902e-05	"gene-rnf145a"
498.095395888462	0.72504705318818	0.152251253777476	4.76217459757593	1.9151786641144e-06	5.31123744731169e-05	"gene-cul5b"
126.461066781049	0.679722241563438	0.142766157803478	4.76108800587808	1.92552052538135e-06	5.32850776158415e-05	"gene-atg4da"
232.962882516608	0.551518010391117	0.115849966743407	4.76062294961776	1.92996317104772e-06	5.3294142917354e-05	"gene-rab7a_ChrAur2"
421.429922730995	0.871071272179998	0.183033960487216	4.75906913592048	1.94487815835958e-06	5.35917383593935e-05	"gene-ip6k2b"
347.545872777157	0.639625668236119	0.134472303296765	4.75656066383082	1.96919082331092e-06	5.41464763326959e-05	"gene-LOC119025502"
13815.5595947618	-0.576863437468399	0.121337824336741	-4.75419301954407	1.99240621026056e-06	5.46687559938231e-05	"gene-bhmt_ChrAur2"
129.156969304335	0.749356738970738	0.15764885490091	4.75332814463985	2.00095192229441e-06	5.47871635214269e-05	"gene-arl6ip5a"
951.775717470706	-0.647562764353663	0.136321782080913	-4.75025160666773	2.03163708181178e-06	5.55099827986169e-05	"gene-rad52"
1613.93633753448	-0.524696129186674	0.110547986405058	-4.7463200936482	2.07150803898181e-06	5.64802118165336e-05	"gene-snrpa"
777.104390299574	-0.73730107506209	0.155379543045867	-4.74516181866001	2.0833971580298e-06	5.66850348605965e-05	"gene-hmgb2b"
44931.057355313	-0.775199440093115	0.163497206033694	-4.74136200182747	2.12286231687059e-06	5.76377146033355e-05	"gene-kpna7"
246.771556915322	0.569364011586323	0.120130386401055	4.73955032230983	2.14193036678131e-06	5.8033766067332e-05	"gene-znf330"
62.2877435501527	1.37577937525268	0.290440914669377	4.73686490355119	2.17049749338207e-06	5.84409834444723e-05	"gene-alg5"
48.8159818112472	2.05762262653818	0.434371995977957	4.73700571305384	2.16899053422308e-06	5.84409834444723e-05	"gene-LOC119011088"
245.340742299703	0.852564882650122	0.179953237310307	4.73770239087158	2.16154938192487e-06	5.84409834444723e-05	"gene-LOC119019151"
103.004066118262	1.1570403535824	0.244341043790521	4.73534996672256	2.18677425099478e-06	5.87570815863764e-05	"gene-srgap1a"
56.2483363688735	0.978544809945723	0.206671074144405	4.73479326507973	2.19278495598958e-06	5.87966003416584e-05	"gene-mkln1"
181.565656159478	0.900958787672725	0.190336953664331	4.73349378734731	2.20687721567164e-06	5.90522041738912e-05	"gene-ascc2"
26.5605290795251	2.06603321564436	0.436512167589892	4.73304839828755	2.21172724463125e-06	5.90599578251945e-05	"gene-slc2a11a_ChrAur2"
2170.94513690098	-0.35883077930096	0.0758358834709093	-4.73167533465352	2.22674361465313e-06	5.93385937312195e-05	"gene-lrpprc"
11478.5031593776	-0.905672827841354	0.191453579638039	-4.73050871941708	2.23957906793252e-06	5.95580872870515e-05	"gene-atf4b"
243.077903901026	-0.814004660248666	0.172133004356945	-4.72892844280285	2.25707909459883e-06	5.99004740863717e-05	"gene-zgc:161973"
208.139411729879	1.48934385710538	0.315052740902867	4.72728424084572	2.27542638598162e-06	6.02639000508138e-05	"gene-prex2"
333.146167760543	0.61937030530324	0.131137513444665	4.72305970300857	2.32322610922096e-06	6.10306315223543e-05	"gene-daam1b"
790.461047854126	-0.911335786552857	0.192924413183764	-4.72379711573773	2.31481356301232e-06	6.10306315223543e-05	"gene-g10470"
2160.21975986321	-0.872688270915321	0.184744698253232	-4.72375272019507	2.31531920735547e-06	6.10306315223543e-05	"gene-LOC119010872"
516.587198925462	0.579979809908344	0.122792967648425	4.72323310540806	2.32124526549659e-06	6.10306315223543e-05	"gene-porb"
492.182941400195	-0.546649904389956	0.115774422142587	-4.72168113019561	2.33903193333238e-06	6.13214626894488e-05	"gene-ppie"
21.0044798726473	1.63860267186927	0.347241008306083	4.71892038288545	2.37099585296381e-06	6.2033873316635e-05	"gene-g3548"
39.0762436790268	2.27396638345546	0.481990145307864	4.71786903859413	2.38327823012881e-06	6.22295087870932e-05	"gene-ubash3bb"
2878.55448079732	-0.750458338652753	0.15914262031253	-4.71563392118954	2.4095933881386e-06	6.26639437144238e-05	"gene-g14907-3"
103.71847895865	0.985343418219829	0.208950072058891	4.71568833889713	2.40894940092625e-06	6.26639437144238e-05	"gene-tiparp"
66.6012252871962	1.61501163586996	0.342678319108304	4.71290871296568	2.44205614810807e-06	6.33809001485925e-05	"gene-tuft1a_ChrAur1"
349.49517539233	-0.571426867608535	0.121270198158945	-4.71201396784712	2.45280563030114e-06	6.35325714360602e-05	"gene-ube2kb_ChrAur1"
424.32777744743	-0.669227340957524	0.142092119662906	-4.70981320107809	2.47943929252974e-06	6.38980008869195e-05	"gene-clp1"
501.773754153689	-0.690997799029141	0.146720306739094	-4.70962618867686	2.48171526879164e-06	6.38980008869195e-05	"gene-rnf17"
20.9952612333078	1.84143561167827	0.390947644066419	4.71018470024447	2.47492401970765e-06	6.38980008869195e-05	"gene-sdf2"
1718.12913755514	-0.54074843463925	0.114827809100154	-4.70921146085443	2.48676974232868e-06	6.39011010573388e-05	"gene-gyg1b"
296.977660529212	0.591433081085317	0.125618377360645	4.70817322681486	2.49946653724424e-06	6.41001804432677e-05	"gene-sgk3"
53.0861890920361	1.30865387413212	0.278018790996273	4.70706986906385	2.51302794360071e-06	6.41961429681106e-05	"gene-aco2_ChrAur1"
41.6918622398432	1.15150407485375	0.244633280635753	4.70706222743371	2.51312211295128e-06	6.41961429681106e-05	"gene-depdc1b"
42.2085898179197	-0.930304233827089	0.197657919593786	-4.70663778986944	2.51835786502947e-06	6.42032533661351e-05	"gene-g19308"
36.6301490185616	2.03872306870011	0.433246735333575	4.70568593466817	2.53013780298727e-06	6.43768461424129e-05	"gene-vwa1"
18.7174702396833	1.79399057676931	0.381285446124657	4.70511160340168	2.53727115875425e-06	6.44317623078946e-05	"gene-prkcda"
5479.33981257775	-0.612926040753535	0.130301262475067	-4.7039148286903	2.55219751258805e-06	6.46839725744186e-05	"gene-g5121"
2240.67512032879	-0.627078860884774	0.133337289898284	-4.7029519001259	2.56426845685322e-06	6.48629702826291e-05	"gene-ssb"
123.850641366837	1.50709051277278	0.320484244010507	4.70254167229316	2.56942756178572e-06	6.48667765159588e-05	"gene-lama4"
69.5030022677863	1.20838158062531	0.257044635168969	4.70105738573759	2.58817760318132e-06	6.52130119431933e-05	"gene-arhgap23a"
63734.4160576545	-0.944804694660784	0.201050716151529	-4.69933513665625	2.61009828150976e-06	6.56266560801716e-05	"gene-g13978"
986.59386330986	1.50704184581321	0.320717274916746	4.69897309461866	2.61472894273559e-06	6.56266560801716e-05	"gene-LOC119023411"
91.6962238767766	1.07999287761972	0.229962551491894	4.69638587071334	2.64805082379442e-06	6.63344414293261e-05	"gene-slc25a55a"
1370.91206029438	-0.464436677456006	0.0989660608620064	-4.69288838426736	2.69374475997773e-06	6.73488192789026e-05	"gene-mus81"
13.4987826256113	1.70593843460661	0.363627889022947	4.69144003005488	2.71288793879622e-06	6.76967470045276e-05	"gene-tmem254"
1339.88998438764	-0.69365973234418	0.147988917897318	-4.68724105966822	2.76912728383705e-06	6.89672451018724e-05	"gene-akirin1"
4936.65310122428	-0.676961208321304	0.14445305510565	-4.68637515368705	2.78086322236388e-06	6.89941754652003e-05	"gene-fgd4b"
3218.04058025596	-0.395253352352303	0.0843395033036661	-4.68645577540558	2.77976851502986e-06	6.89941754652003e-05	"gene-prmt5"
179.597428426447	-0.719101379805162	0.153524789439052	-4.68394311063777	2.81408142463745e-06	6.95518483406099e-05	"gene-deaf1"
13.8741568963465	1.58374560476528	0.338099988444016	4.68425217064901	2.80983908836437e-06	6.95518483406099e-05	"gene-g20761"
3519.13615492718	-0.580311031853751	0.123966247706211	-4.68120188028145	2.85197910948823e-06	7.03542503752038e-05	"gene-tdrd1"
2842.9643447244	-0.815374416521156	0.174203761059339	-4.68057871749057	2.86066243914235e-06	7.04342951508223e-05	"gene-atf4a"
93.2663024267053	0.838964272875725	0.179302093440224	4.67905453181684	2.88200791238855e-06	7.08252077293057e-05	"gene-plscr3b"
202.880026155321	0.715482919709544	0.15295016168722	4.67788272870669	2.89852226272889e-06	7.10961398193217e-05	"gene-ippk"
87.4605727729016	1.49541171989614	0.31972846827188	4.67713034118852	2.90917356575463e-06	7.11151205884093e-05	"gene-rca2.2"
47.9929108081941	1.79596183547447	0.383994374993105	4.6770524581427	2.91027827286364e-06	7.11151205884093e-05	"gene-serinc5"
127.753926481091	2.85422862615928	0.610386898332263	4.67609746204871	2.92385687649053e-06	7.13123736486418e-05	"gene-g21459"
2882.30453913308	-0.750178807951204	0.160491586802557	-4.67425628281752	2.95020742286245e-06	7.18198051381421e-05	"gene-g14907-2"
87.9558232290108	2.83097505113932	0.605734965654785	4.67362000157793	2.95936659746414e-06	7.19076112640865e-05	"gene-g20648-2"
6020.12968240094	-0.764218237124002	0.163668843437143	-4.6692957625591	3.02233998594982e-06	7.33002343783448e-05	"gene-rrm2_ChrAur2"
439.258900486959	0.460239117204093	0.0985782924783996	4.66876738917891	3.03012218874143e-06	7.33516120867108e-05	"gene-senp2"
101.568974310473	-4.19230569884948	0.898263745679443	-4.66712112006528	3.05449288299528e-06	7.36661775189419e-05	"gene-ccdc146"
845.485532916908	-0.582352808901494	0.124768704202089	-4.66745898040465	3.0494760521349e-06	7.36661775189419e-05	"gene-rcl1"
4375.86692377284	-0.496488036871861	0.106400226891632	-4.66623099758548	3.06774809672783e-06	7.38483375478107e-05	"gene-nap1l1"
272.678443712049	0.839462281668119	0.179936337578322	4.66532937685653	3.081230780868e-06	7.40352872783329e-05	"gene-ptprfb"
77.9346810693478	0.871105707584856	0.1867644534204	4.66419434550552	3.09828468197562e-06	7.42173495058161e-05	"gene-iqsec1b_ChrAur1"
12.8614791060289	2.07539720493864	0.444976270260784	4.66406265602058	3.10026917478546e-06	7.42173495058161e-05	"gene-tmtc1"
2711.86119681765	-0.643857260424102	0.13817466206098	-4.65973464903394	3.16617277159952e-06	7.56551726291243e-05	"gene-syncripl"
210.127479804724	0.636109034563187	0.136627812794209	4.65577997300819	3.22756478731124e-06	7.6980094954821e-05	"gene-exoc5"
135.033908213278	0.994706076334577	0.213691436408518	4.65487102830353	3.24183566793012e-06	7.71783340723585e-05	"gene-map3k5"
841.518949758234	-0.429926296708651	0.0923765597550001	-4.65406265235354	3.25457839827643e-06	7.71978843151613e-05	"gene-g7380"
750.544520298438	0.627747589132234	0.134878116034882	4.65418414481623	3.2526602047723e-06	7.71978843151613e-05	"gene-LOC119012176"
1193.08432303437	-0.597539586465585	0.128431896588594	-4.65257932287399	3.27808572625319e-06	7.76133240232267e-05	"gene-dnd1"
51.0472416437783	0.885953317936208	0.190542380656554	4.64963917677247	3.32516238379433e-06	7.82676710047759e-05	"gene-azi2"
22.2046405617354	1.57892210552948	0.339628245827628	4.64897170634868	3.33593964903377e-06	7.82676710047759e-05	"gene-elk3_ChrAur1"
1276.21064089889	-0.969050175513107	0.208427130341463	-4.64934758697453	3.32986640471667e-06	7.82676710047759e-05	"gene-LOC119017231"
32.7286214881307	2.95515523558096	0.635453339267677	4.65046771016517	3.3118309706124e-06	7.82676710047759e-05	"gene-slc7a8a_ChrAur1"
193.431506604837	0.71197554284015	0.15313814397501	4.64923711597507	3.33165022499859e-06	7.82676710047759e-05	"gene-wu:fa11c10"
52.8897458363971	1.00827828011663	0.217039941708969	4.64558860538508	3.39108185095632e-06	7.9417542589033e-05	"gene-ripor1"
179.324223958724	0.708458267237684	0.152538444713688	4.64445713057748	3.40971837851488e-06	7.9709860505679e-05	"gene-si:ch211-261d7.6"
819.361138412357	-0.542065208208703	0.116817834957089	-4.64026069656078	3.47969920273283e-06	8.11992511253927e-05	"gene-capn2l_ChrAur1"
2194.01076451929	-0.463538228021559	0.0999377351910962	-4.63827029034831	3.51337128849452e-06	8.14274210894446e-05	"gene-adrm1_ChrAur1"
96.4145863579667	1.11038954364751	0.239432367581203	4.63759162917239	3.52492358818653e-06	8.14274210894446e-05	"gene-clmna"
702.989891500854	-0.471766559252782	0.101724881341385	-4.63767126618266	3.52356610804037e-06	8.14274210894446e-05	"gene-cpsf1"
141.953379102529	-0.765796535705654	0.165106921413878	-4.6381855415135	3.51481191318172e-06	8.14274210894446e-05	"gene-g7332"
78.9121469606772	1.17429138441522	0.253218760176367	4.6374580761604	3.52720123783325e-06	8.14274210894446e-05	"gene-LOC119004642"
1450.67493885987	-0.692447443895376	0.149282730019417	-4.63849665534193	3.50952614061621e-06	8.14274210894446e-05	"gene-tdrd12"
26.7255259209547	1.27130338337587	0.274184452023694	4.63667204319088	3.54063507932611e-06	8.15921083849688e-05	"gene-cep68"
78.8267627824998	1.92392010622434	0.415021536542989	4.63571149162533	3.55711817463599e-06	8.18263543156496e-05	"gene-greb1l"
6520.44039256117	-0.610694516226047	0.131811047565384	-4.63310570324627	3.60220493966294e-06	8.2716588960239e-05	"gene-tpx2"
29.8661885896055	1.05795194607581	0.228371996185829	4.63258176897899	3.61133625590662e-06	8.27794970800825e-05	"gene-g10802"
234.545215390384	0.738101278628418	0.159346938183503	4.63203929138836	3.62081413465138e-06	8.2850112823092e-05	"gene-nadkb"
120.327432590671	1.02182496421012	0.220639171497007	4.63120377617979	3.63545847674934e-06	8.30384880641635e-05	"gene-LOC119016998"
113.17238250165	0.681024612723716	0.147065897448776	4.63074461542602	3.64353049448039e-06	8.3076344073971e-05	"gene-g11787"
78.0206082468941	1.92532615898982	0.415893325480438	4.62937498880438	3.66771064526062e-06	8.34807039837791e-05	"gene-synpo"
163.482279563888	0.695168962896493	0.150277405324227	4.6259047485991	3.72966685783996e-06	8.47419569752375e-05	"gene-slc25a51b"
33523.2932846865	-0.632883119950129	0.13690141827375	-4.62291134694168	3.78391465242636e-06	8.5226919414911e-05	"gene-actb2_ChrAur1"
288.370075729489	0.767080332532381	0.165892379089913	4.62396366090226	3.76475848963667e-06	8.5226919414911e-05	"gene-g3885"
23.6806467992231	1.87907218857224	0.406438616178511	4.62326194848309	3.77752199967347e-06	8.5226919414911e-05	"gene-gpc1b"
154.940587262361	1.1914712108909	0.257699918177647	4.62348307797889	3.77349538595823e-06	8.5226919414911e-05	"gene-umad1"
990.121621463883	-0.604809453648288	0.130799106949361	-4.62395705715668	3.76487841283258e-06	8.5226919414911e-05	"gene-vbp1"
6697.83809258618	-1.00958087027954	0.218501615069838	-4.62047326266606	3.82865684517903e-06	8.60638756640111e-05	"gene-g14268"
280.006706181778	0.866347091454924	0.187514350928221	4.62016420165386	3.83436462498142e-06	8.60638756640111e-05	"gene-prkar1aa"
36.6442143448944	2.22694212130553	0.482096002767973	4.61929181847485	3.85051995263211e-06	8.62769617760182e-05	"gene-fam43a"
94.5091221488677	1.41666442752588	0.306865126128955	4.61657030043405	3.90133902227619e-06	8.726466610967e-05	"gene-pik3ip1"
44.8471670350213	1.53480828216854	0.332497927370771	4.61599353206511	3.91219130653175e-06	8.7356533811884e-05	"gene-diaph2"
347.096759968206	0.72118188742896	0.156272934135438	4.61488671354905	3.93309793324152e-06	8.76722053931342e-05	"gene-hmgcra"
353.719210550352	-0.487439091509295	0.105653888571104	-4.61354615624256	3.95856304880667e-06	8.79708909848152e-05	"gene-enpp1"
167.810538550408	-0.67960753893314	0.147320892908159	-4.61311037095608	3.96687517065339e-06	8.79708909848152e-05	"gene-g7331"
271.249060731455	1.24883161567201	0.270696664396284	4.61339861153143	3.96137542988239e-06	8.79708909848152e-05	"gene-LOC119029107"
61.5564122507051	0.98477783029883	0.213630489851814	4.60972509580411	4.03201767956874e-06	8.92626683215294e-05	"gene-dqx1"
490.543275697954	1.86201269636927	0.404078815830436	4.60804334061064	4.06475948543971e-06	8.96809200952806e-05	"gene-col4a5_ChrAur1"
29.9433927591609	1.38999639286896	0.301631216894323	4.60826438052647	4.06044159799166e-06	8.96809200952806e-05	"gene-rnf13"
6833.00368393498	-0.716886051812885	0.155592555210872	-4.60745728380965	4.0762290786037e-06	8.978102516496e-05	"gene-g9182"
23.2674007204645	1.60295024606171	0.348306255966081	4.60212878352035	4.18194478679761e-06	9.19530847772765e-05	"gene-deptor"
2855.88943216637	-0.46130979571403	0.100294020106038	-4.59957428395331	4.2335521113647e-06	9.29300566004818e-05	"gene-spata13"
56.0605026140417	0.925020071118382	0.201165644530003	4.59830043683437	4.25951452063158e-06	9.33417471348554e-05	"gene-ccdc102a"
653.923044079247	-0.642993027136215	0.139866431398258	-4.59719334159133	4.2822021926092e-06	9.36804064129758e-05	"gene-nrd1b"
231.746334238681	0.672605807585347	0.146332403643672	4.59642424259756	4.29803142811464e-06	9.3868136636615e-05	"gene-nus1"
32.1436619341731	2.05122818673125	0.446480793255418	4.59421372143505	4.34384009633926e-06	9.46200129058911e-05	"gene-ak5"
334.58234303773	-0.601917882125536	0.131020938736584	-4.5940586896243	4.3470703172732e-06	9.46200129058911e-05	"gene-gga1_ChrAur2"
43.8439679602056	1.24536780277402	0.271308448845814	4.59022860538255	4.42760811748747e-06	9.62113300831884e-05	"gene-spns3"
171.047984806007	-0.599114833560607	0.13057371206203	-4.58832657890581	4.46813265701814e-06	9.66692519589523e-05	"gene-fancg"
261.534966033412	1.00423251921943	0.218890007793532	4.58784084912033	4.47853842756323e-06	9.66692519589523e-05	"gene-LOC119018788"
38.8674427016095	1.31918153415307	0.287514130592112	4.58823199901974	4.47015702055766e-06	9.66692519589523e-05	"gene-nherf1b"
381.737264413773	-0.705314762898701	0.153728207308468	-4.58806340910117	4.4737676550687e-06	9.66692519589523e-05	"gene-rtraf"
176.469187856863	-0.785063788865925	0.171176798708674	-4.58627451143088	4.51225240073101e-06	9.72220589961396e-05	"gene-anp32a"
31.3274417524155	-1.05736414622309	0.230565756612622	-4.58595483456629	4.51916296159957e-06	9.72220589961396e-05	"gene-zgc:110222"
25.0852629754937	2.15201790408994	0.469620303545004	4.58246350902013	4.59529917229118e-06	9.86960523720448e-05	"gene-skor2"
1380.08056403209	-0.624935284004366	0.136454242894764	-4.579815700464	4.65385832160101e-06	9.94604777532891e-05	"gene-dnajc1"
242.737809809282	-0.639688089426803	0.139686126291639	-4.57946759931801	4.66160991400251e-06	9.94604777532891e-05	"gene-g18894"
359.324786589094	-0.52456216044424	0.1145462060256	-4.57948088064136	4.66131393579242e-06	9.94604777532891e-05	"gene-odr4"
78.7962459184056	0.815571102432175	0.178079867890617	4.57980518568854	4.65409228596501e-06	9.94604777532891e-05	"gene-slc9a8_ChrAur2"
9136.20014464325	-0.489423306783014	0.106951784651841	-4.57611164111218	4.73697823204415e-06	0.000100902310992112	"gene-ncl"
363.632061542737	-1.06423578193105	0.232879164813565	-4.56990552496631	4.87944128544567e-06	0.000103766246449601	"gene-g11424"
365.753197000851	-0.562773439046653	0.123172238535915	-4.56899578781754	4.90066630538352e-06	0.000104046769378725	"gene-gpatch3"
2546.92110835445	-0.776245077827627	0.169975987093299	-4.56679258701141	4.95243604412602e-06	0.000104973812123529	"gene-atp1a1b"
80.8646643530033	1.6084337097925	0.352232790165539	4.56639402889373	4.96185693980096e-06	0.000105001649064317	"gene-b3galt1b_ChrAur2"
49.364323255344	0.967332765346747	0.211896395346849	4.56512138285004	4.99205407509985e-06	0.00010504736113346	"gene-csmd3a"
105.003718840166	0.960800366406802	0.210466308549525	4.56510295176633	4.99249269500861e-06	0.00010504736113346	"gene-ddah1"
110.921998287704	1.59098329941791	0.348493143997192	4.56532166219813	4.98729023866606e-06	0.00010504736113346	"gene-mmp14a"
484.360033373862	-0.485002225066575	0.106245125668341	-4.56493624545728	4.99646162135831e-06	0.00010504736113346	"gene-nrf1"
1426.10230361528	-0.778826754183998	0.170626766251652	-4.56450515527753	5.0067389857573e-06	0.000105092830801528	"gene-elavl2"
29.8062765724272	1.56677255113061	0.343340492730574	4.56332004031952	5.03509703876171e-06	0.000105346594101782	"gene-dhcr7"
474.286657967934	-0.659711397449768	0.144562316042455	-4.56350877261833	5.03057067898234e-06	0.000105346594101782	"gene-LOC119017548"
49.0772441145808	-1.03434887113517	0.226739245950965	-4.56184312864327	5.07065268081615e-06	0.000105919391724597	"gene-hacd1"
7082.11361708365	-0.623218333472002	0.136675105053214	-4.55985260248641	5.11895380580871e-06	0.000106756152558822	"gene-tpt1"
190.567696853511	0.983231984889805	0.215708849066236	4.55814394794666	5.16076630076447e-06	0.000107455119551769	"gene-stt3b_ChrAur2"
925.020024384864	-0.445488261781406	0.0977813688049354	-4.55596262586703	5.21462085355845e-06	0.000108402174437296	"gene-rnf113a"
5506.93191752814	-0.459811981735526	0.100980398175122	-4.55347760600142	5.27662909312211e-06	0.000109515422091385	"gene-gnl3"
252.832876490301	-0.532270225330923	0.116916170664188	-4.5525800435231	5.29919886719544e-06	0.000109628989400816	"gene-gps2"
1314.70579837163	-0.456986087665195	0.100386838580569	-4.5522510134476	5.3074956647604e-06	0.000109628989400816	"gene-pfn2a_ChrAur1"
20.9910455987151	2.26847566603371	0.498269513600256	4.55270813107308	5.29597238041466e-06	0.000109628989400816	"gene-tet2"
1196.61849454721	-0.74739449304768	0.16419408327058	-4.55189662234069	5.31644587598747e-06	0.000109638997675022	"gene-fbxl3a_ChrAur1"
2772.11404234992	-0.861683418473618	0.189330093317756	-4.55122269985597	5.33350579375154e-06	0.000109718937949867	"gene-cox17"
141.689368010808	2.61596248154978	0.574801075194778	4.55107444025453	5.33726591833959e-06	0.000109718937949867	"gene-tpma_ChrAur2"
825.201910898739	-1.06340198485624	0.233749978300347	-4.54931372652308	5.38211521509112e-06	0.000110465569176934	"gene-g19665"
145.774431916389	0.82300546415357	0.180929426803396	4.54876511076265	5.39616325199223e-06	0.000110578655500873	"gene-p3h2"
1618.69232740128	-0.61316551692061	0.134884061946168	-4.54587078764964	5.47085929205589e-06	0.000111932225420878	"gene-gtf2a1l"
115.537974438888	0.678819624024825	0.149482760619555	4.54112314497905	5.59553344125331e-06	0.000114302450469514	"gene-man1a2"
912.229479005627	-0.496682618049081	0.10940715153225	-4.53976372744405	5.63172998877441e-06	0.000114860685172626	"gene-pnisr"
71.8260032087739	1.14859378247795	0.253080084589046	4.53845976993034	5.66666036194256e-06	0.000115391381049557	"gene-tent5ba"
110.755560950752	0.739427320622624	0.162977842252621	4.53698067419795	5.70653336555417e-06	0.000115896759027449	"gene-alcama"
906.184248054932	-0.468508142868757	0.103274215788555	-4.53654515109545	5.71832515006871e-06	0.000115896759027449	"gene-dnaja2a"
379.914487476932	-0.411936769012745	0.0908029828892641	-4.53659952465558	5.71685171324236e-06	0.000115896759027449	"gene-prorp"
140.579188491454	0.867153174747189	0.191288871963606	4.53321286202247	5.80932191290228e-06	0.000117557075146871	"gene-LOC119011233"
3141.89580305722	-1.07030908626472	0.236136236837339	-4.53259144212584	5.82644401751611e-06	0.000117719620079331	"gene-hnrnpub"
205.021183167285	1.26369718518996	0.278972875247193	4.52982098732798	5.90336833627474e-06	0.000118949443174242	"gene-slc39a13"
78.5093307873593	1.30979502998776	0.289154687695048	4.52973818418299	5.90568233812353e-06	0.000118949443174242	"gene-tnikb_ChrAur2"
24.815912035017	2.39348196603797	0.528648629845673	4.52754784730398	5.96720925064563e-06	0.000120002060566943	"gene-mycn"
111.947328218263	1.09683504407973	0.242412391765629	4.52466574043863	6.04910328698203e-06	0.000121460366929774	"gene-svip"
22.3785266134493	2.0824479737078	0.460293935397906	4.52416991309609	6.06330004395862e-06	0.000121556964193975	"gene-kdrl"
11976.5576088722	-0.871280676738599	0.192602813011113	-4.52371729736017	6.07628737986085e-06	0.000121629053874154	"gene-zar1"
139.393619528935	0.882376289008563	0.195096744676125	4.52276274764795	6.10376451579548e-06	0.000121802548912276	"gene-dnajb9a_ChrAur2"
184.062667291568	0.669615569463246	0.148050527081206	4.52288541395033	6.10022686536938e-06	0.000121802548912276	"gene-washc2c"
98.2735643651767	1.25667571002305	0.27794457670635	4.52131761272225	6.14558975196598e-06	0.000122448512119556	"gene-fhdc2"
230.700387427656	1.01949229707215	0.225507907163788	4.52087161773747	6.15855306812432e-06	0.000122518311498123	"gene-col5a2a"
1335.88629229237	-0.38860423895084	0.0860260775405692	-4.51728417778408	6.26378175376735e-06	0.000124420609651903	"gene-zgc:153681"
14.6243643125768	1.6691860012698	0.369571961036507	4.51653852902794	6.28586843884124e-06	0.000124668119680602	"gene-sntb2"
85.5103928508845	1.5936671158229	0.352934268565896	4.51547854023518	6.31739441689424e-06	0.000125101796778589	"gene-g10355"
714.658145522548	-0.519544177731811	0.115134980118242	-4.51247898074282	6.40742863381693e-06	0.000126691004941318	"gene-ighmbp2"
25.5492730082634	2.2111137406546	0.49056934477783	4.50723993293133	6.56763534532411e-06	0.000129660739873922	"gene-clic2"
109.280360437993	0.666406487972841	0.147938679928751	4.50461291322722	6.64940353610394e-06	0.000131075228608953	"gene-stk26"
106.065819156653	0.735395878707136	0.163410068795896	4.50030946150367	6.78546042948285e-06	0.000133351286831916	"gene-manba"
18.137199796788	2.07733486555775	0.461569174150479	4.50059272129923	6.77642368975546e-06	0.000133351286831916	"gene-schip1"
265.735078723776	0.69098031204801	0.153643340438266	4.49730076212216	6.88216016149297e-06	0.000135046751896205	"gene-rac1a_ChrAur1"
36.0174463082225	1.5718745636693	0.349586263189884	4.49638538232695	6.91184109425811e-06	0.000135423984889163	"gene-ppp1r13l"
1882.71842018134	-0.456450455156338	0.101606530346275	-4.4923338450861	7.04468762301493e-06	0.000137610481758169	"gene-phf19"
70.6722558883586	0.907608805220349	0.202025527762597	4.49254515145676	7.03769911761794e-06	0.000137610481758169	"gene-si:ch73-109d9.2"
4708.14408713373	-0.605532242933654	0.134823491265221	-4.4912962663344	7.0790997383952e-06	0.000137951336818605	"gene-bmb"
51.7682449110563	1.95571056078343	0.435457224277816	4.49116572592608	7.08344058253202e-06	0.000137951336818605	"gene-cd9a_ChrAur1"
52.4455952742512	-0.991474710302522	0.220864995906315	-4.48905317130053	7.15404405132147e-06	0.000139117153916913	"gene-g20037"
327.873355758074	-0.722210564142855	0.16091688258005	-4.48809691415431	7.18622383943298e-06	0.000139533410711389	"gene-ppox"
50.7167101995639	2.64004860542923	0.588546053059057	4.4857128710781	7.26705510141715e-06	0.000140891662602475	"gene-kiaa1522"
1699.5107095565	-0.529779558529224	0.118116507809301	-4.48522876569085	7.28357461803097e-06	0.00014094258565873	"gene-g6797"
340.859664604945	0.629371469727678	0.140328136043239	4.48499842920847	7.29144717715614e-06	0.00014094258565873	"gene-sash1b_ChrAur1"
57551.4342763404	-0.705294079004793	0.1573071124794	-4.48354856870923	7.34118838974633e-06	0.000141692594389873	"gene-zp3c"
1372.67257744493	1.8427006334473	0.411554555161662	4.47741523046313	7.55522118532894e-06	0.000145606651147612	"gene-krt8"
455.691400147755	-0.612949342662841	0.136908978125485	-4.47705731979852	7.56789356899604e-06	0.000145634159899061	"gene-sycp3"
75.7874570444894	1.97481502325961	0.441213655500109	4.47587013375908	7.61007341014117e-06	0.000146228576757772	"gene-cavin1b"
487.687340234098	-0.643675063231944	0.143846941539395	-4.47472192556601	7.65108216628314e-06	0.000146798763163753	"gene-irak1"
458.506529236367	-0.492972650194044	0.11027913246186	-4.47022604539021	7.81369707708625e-06	0.000149697027877728	"gene-ddx51"
406.617605375698	-0.805186207581747	0.180144127074971	-4.46967781107098	7.83375114113844e-06	0.000149859543617258	"gene-mtbp"
97.1598537619946	0.735230001693268	0.164506610910677	4.46930368100818	7.84746481971534e-06	0.000149900467374828	"gene-ipmkb"
17.9975765034789	2.04890732381349	0.458588096778154	4.4678598031834	7.90060545462518e-06	0.000150693286071945	"gene-itpkb"
61.5112571207521	-1.05632020434777	0.236512584601321	-4.46623255218474	7.9609072939992e-06	0.000151620162300858	"gene-znf395b"
457.05025252294	-0.495610351940938	0.110990210593592	-4.46535193771003	7.9937238873212e-06	0.000152021612429805	"gene-e2f5"
2077.8960852085	-0.853966672338504	0.191374036968813	-4.46229115435167	8.10879451323177e-06	0.000153967362718011	"gene-epc1a"
1171.98429508414	-0.694617905316967	0.155674107846899	-4.46200023192106	8.11981381641585e-06	0.000153967362718011	"gene-g18360"
160.272290044886	-0.417204595799842	0.0935201221679688	-4.46112115904332	8.15319760530036e-06	0.000154148995892328	"gene-LOC119033926"
1479.16554918423	-0.476772037731873	0.106868613282827	-4.46129151568666	8.14671788660335e-06	0.000154148995892328	"gene-srsf2a_ChrAur2"
16.1677093726409	1.51261979515284	0.339296785578198	4.45810234416211	8.268842266119e-06	0.000156107545464296	"gene-erbb2_ChrAur1"
629.534503618906	-0.659593212318828	0.148012375833116	-4.45633825283988	8.33714508127671e-06	0.000157167927143544	"gene-g21368"
23.1586988700989	1.48082874379227	0.332352822406855	4.45559250277555	8.36618121801914e-06	0.000157486065340939	"gene-b3gnt2b_ChrAur1"
934.173286643044	-0.511922047729793	0.115002290899462	-4.4514073913304	8.53093224288451e-06	0.0001603542866148	"gene-glud1b"
60.5204713721812	1.39561711295836	0.313554233283781	4.45095924345329	8.54875668881607e-06	0.000160456446198343	"gene-arhgap27"
47.9632527627114	0.938613556235752	0.210953595157756	4.44938402464218	8.61169163253727e-06	0.000161403789193908	"gene-adipor2"
57.4641338754325	1.56346337481192	0.351484238090587	4.44817492615125	8.66029904177464e-06	0.000161833246874761	"gene-LOC119009465"
1730.63803487203	-0.746465922102326	0.167839075577043	-4.44750973237861	8.68715242896341e-06	0.000161833246874761	"gene-marcksa_ChrAur2"
96.1101618978163	-1.01260273248306	0.227677691908598	-4.44752722146169	8.68644539000627e-06	0.000161833246874761	"gene-ptprua"
299.368442050902	-0.70508545427113	0.15854363990124	-4.44726420252709	8.6970843815021e-06	0.000161833246874761	"gene-rabepk"
1743.7716008862	-0.637161340367824	0.143240483330569	-4.44819317523099	8.6595634589199e-06	0.000161833246874761	"gene-waca"
2229.63529516548	-0.452310296726578	0.101935681441374	-4.43721266519139	9.11312483785548e-06	0.000169331534827929	"gene-ppp2cb_ChrAur1"
276.828857258652	-0.612763761638759	0.138112979132965	-4.43668484660544	9.13548899722877e-06	0.000169503893987263	"gene-g8789"
358.364855184475	0.733992211544083	0.165497916549454	4.43505408918396	9.20491745858211e-06	0.000170547762526605	"gene-anapc1"
1844.3853324072	-0.88118119360429	0.198715551473206	-4.43438466225481	9.23356358759263e-06	0.000170834117175589	"gene-abcg2a_ChrAur1"
1716.27057440401	-0.915631030516044	0.206512163004834	-4.43378742052405	9.25919264167494e-06	0.000171063914268662	"gene-itga1"
370.035500558483	-0.564172565165935	0.127254350142704	-4.43342459046208	9.27479570869095e-06	0.000171108090061619	"gene-nprl3"
202.915913888883	-0.638598610054898	0.144057830435833	-4.43293230310967	9.29600609834787e-06	0.000171255440938411	"gene-gpatch11"
491.09267909508	-0.590471535963629	0.13326124840371	-4.43093204541216	9.38266562338281e-06	0.000172606395580157	"gene-xrcc1"
315.429526408106	1.02462685328888	0.231329961984475	4.42928725919922	9.45450235683298e-06	0.000173189901023117	"gene-ccpg1"
43.7164704490817	1.44976596851586	0.327307106550013	4.42937516327448	9.45064985559693e-06	0.000173189901023117	"gene-hyal2a_ChrAur1"
24.1347553826506	2.19198222556626	0.494879075913617	4.4293289659086	9.45267432340033e-06	0.000173189901023117	"gene-junbb"
1443.89695334708	-0.442423724017929	0.100028762778159	-4.42296507254741	9.73554850539171e-06	0.000178086283465153	"gene-psmc5"
6836.25985906802	-0.414920565500746	0.0938175619697281	-4.42263214678961	9.75056741063072e-06	0.000178109447863298	"gene-g3834"
475.537214388776	-0.643782332530065	0.14573589780334	-4.41745885697155	9.98680725325076e-06	0.000182167803854719	"gene-ppp4r2b"
579.157915134834	-0.526507040714053	0.119200973920365	-4.41696928639023	1.00094446367288e-05	0.000182323934585477	"gene-hmg20b"
1955.70707746737	-0.659031187388437	0.149228774333136	-4.41624740492223	1.00429133356799e-05	0.000182676644115717	"gene-zfr"
11.030827069786	1.93949387689086	0.439221266297133	4.41575585180977	1.00657644279387e-05	0.000182835505057832	"gene-zswim6_ChrAur1"
1584.61453703347	-0.39382963366223	0.0891964342200726	-4.41530692460802	1.00866773260249e-05	0.000182958764774997	"gene-mis18bp1"
86.3985971962491	0.672096862214615	0.15233762305265	4.41189017359374	1.02472091529895e-05	0.000185610637399114	"gene-vti1b"
1146.9751300145	-0.649461091731681	0.147226046995744	-4.41131922634895	1.02742712192194e-05	0.000185840903016913	"gene-wdr36"
511.315829227733	-0.533695311342313	0.120998716723639	-4.41075183104027	1.03012325382539e-05	0.000186068706559172	"gene-tomm34"
33.591218432727	1.18876497004335	0.269563588184833	4.4099612193478	1.03389132751928e-05	0.000186489228171341	"gene-g14008"
5932.51606752229	-0.843982491531691	0.191412102284433	-4.40924310145008	1.0373252987398e-05	0.000186693263387089	"gene-supt16h"
3498.78733525004	-0.600045687490047	0.136091877309783	-4.40912197958865	1.03790556434796e-05	0.000186693263387089	"gene-tmem144a"
2676.38129929235	-0.546341357515816	0.123976062532583	-4.40682940202452	1.04894738632679e-05	0.000188417719837979	"gene-fbl"
128.554552289087	-0.784116854213385	0.177980061227192	-4.4056443671657	1.05469879976034e-05	0.000189093006893185	"gene-qng1"
1997.71679760931	-0.459623586398263	0.104330590342268	-4.40545371103927	1.05562693215792e-05	0.000189093006893185	"gene-tdrd9"
1086.78803409095	-0.517310155255119	0.117454233237082	-4.40435513474364	1.06099012037654e-05	0.000189390659795175	"gene-ddx43"
3236.28630647557	-0.503514436904527	0.114325578331111	-4.40421508690071	1.06167569308391e-05	0.000189390659795175	"gene-mcoln2"
84.7109661870307	1.82169478786691	0.413621225885729	4.40425847093782	1.06146327108092e-05	0.000189390659795175	"gene-podxl"
17.9571706488021	1.7711735184995	0.402372924677045	4.40182082311102	1.07346190936448e-05	0.000191229782505905	"gene-ano6"
49.5388184577251	1.13566493715928	0.258058689897119	4.40080098682991	1.07852009663949e-05	0.000191866947411786	"gene-g17216"
77.7455657854661	-1.34196818757978	0.305116008229828	-4.39822281159677	1.09140902395491e-05	0.000193893529070508	"gene-itm2ca_ChrAur2"
148.579126587345	1.92407848950304	0.437600700776289	4.39688164596123	1.09817185636195e-05	0.00019482772207868	"gene-LOC119034097"
2260.94098267202	-0.80838716726173	0.18396365658808	-4.39427646881265	1.11142297990656e-05	0.000196720158582624	"gene-ewsr1b"
87.005742806376	1.78613860176945	0.406577006485194	4.39311267799031	1.11739175524495e-05	0.000196720158582624	"gene-g10078"
28.752593335405	1.98282587070816	0.451359942934549	4.39300363655816	1.1179525651827e-05	0.000196720158582624	"gene-g4489"
21.7860084837368	1.68022171149851	0.382439414759603	4.393432388643	1.11574900221425e-05	0.000196720158582624	"gene-hdac5"
346.457157223069	-0.758683604853151	0.172669759503901	-4.39384178812163	1.11364877207531e-05	0.000196720158582624	"gene-hmgxb4a"
1227.48355274126	0.535985606469553	0.1219883595775	4.39374386479095	1.11415077766335e-05	0.000196720158582624	"gene-oaz2a"
81.8369008825487	2.30001528064773	0.523826043602679	4.39079978694661	1.12934492734704e-05	0.000198455171697036	"gene-ndrg1a"
584.326075011197	0.48452967980388	0.110398507263484	4.38891513856678	1.13917507359997e-05	0.000199838472431335	"gene-g20905"
93.9787648842969	1.16732685355475	0.265984660634159	4.38869990010559	1.14030291967228e-05	0.000199838472431335	"gene-synj1"
1008.12863869735	-0.655377390271416	0.14937820365481	-4.38736960437609	1.14729733650491e-05	0.00020079253790642	"gene-g9584"
46.8872836804542	2.29113648494808	0.5224914543226	4.38502192905431	1.15974094680961e-05	0.000202696423780449	"gene-csrp1b"
958.881811314117	-0.491778942785549	0.112229458162563	-4.38190605957675	1.17645536021334e-05	0.000205064244550781	"gene-eif6"
418.105728723135	-0.598611759550548	0.136607002989266	-4.38199906631128	1.17595313337251e-05	0.000205064244550781	"gene-gtf2h2"
744.043627354899	0.730311749163339	0.16681138689033	4.37806892429641	1.19735487871984e-05	0.000208426653686836	"gene-las1l"
151.627234541306	1.54571507663639	0.353113661923239	4.37738678310441	1.20110716477062e-05	0.000208519288082364	"gene-fasn"
84.4997885253155	1.02470395650776	0.23407578868099	4.37765888681581	1.19960904761572e-05	0.000208519288082364	"gene-ptprub"
75.0799693572951	1.00071629051795	0.228675976450195	4.37613214143597	1.20803795347258e-05	0.000209161758494965	"gene-arhgap18"
10149.2993194664	-0.633177568656536	0.144688812342605	-4.37613356834563	1.20803004941884e-05	0.000209161758494965	"gene-hnrnpa0a"
31.1173569370139	1.1566325506706	0.264436274532755	4.37395570147971	1.22015148977275e-05	0.000210977062003296	"gene-pfkla"
219.432089460511	-0.906999125310805	0.207399241786893	-4.37320366987052	1.22436399688318e-05	0.000211423174981788	"gene-g541"
30.2270471384872	1.60098352780114	0.366198936925404	4.37189561838424	1.23172413592237e-05	0.000212128447929928	"gene-strip2"
29120.6310391904	-0.676104632670244	0.15464486920619	-4.37198231108971	1.23123503018043e-05	0.000212128447929928	"gene-zp3f.1"
19.8533259822458	1.74033570711085	0.398256373275039	4.36988790110074	1.24310334769756e-05	0.000213803870598023	"gene-g5147"
1317.09156701859	-0.559611241509554	0.128097152454731	-4.36864700569608	1.25018650286034e-05	0.000214736941625256	"gene-dpp9"
23.8116058960512	2.0945978323169	0.479565479724229	4.36769934633616	1.25562175643191e-05	0.000215384865795359	"gene-prox2"
2255.75882863649	-0.53800938113303	0.123229392084949	-4.36591767621598	1.26590154208874e-05	0.000216860990364963	"gene-ctsla"
63.4220828728807	1.31173082996816	0.300476938770584	4.36549585247763	1.2683470888844e-05	0.000216992908165679	"gene-grtp1a"
187.704870078136	0.918679097375337	0.210605122244847	4.3620928474251	1.2882417445104e-05	0.000220105789355597	"gene-madd"
18572.0860387159	-0.44317388921943	0.10168336819403	-4.35837145337057	1.31033849689564e-05	0.000223586217039465	"gene-atp5f1b_ChrAur1"
744.372059230069	-0.348010839393115	0.0798596360322414	-4.35778143607634	1.31387492000068e-05	0.000223894659064852	"gene-smarcd1"
2082.12085038887	-0.403050314780442	0.0925033605263669	-4.35714240528113	1.31771538936858e-05	0.000224254034266918	"gene-noc2l"
12740.7279974844	-0.853810631676639	0.196028774193476	-4.35553726839074	1.32740928817114e-05	0.000225311634221553	"gene-cth1"
353.212935995683	0.612039003801926	0.140512444890613	4.35576367828763	1.32603782194125e-05	0.000225311634221553	"gene-hsd17b4"
394.047722590264	0.692370335620196	0.159070847041701	4.35259099009317	1.34538005129687e-05	0.000227764928684259	"gene-ppm1ba"
375.784447574628	0.61519205204465	0.141338679520018	4.35260930789664	1.34526760862166e-05	0.000227764928684259	"gene-rffl"
73.2356918538401	1.59666723209372	0.366918812636403	4.3515545594985	1.35175673958923e-05	0.0002285457119376	"gene-mrc2"
46.0224204353601	2.06731382251678	0.475240350186526	4.35003850515931	1.36113628902118e-05	0.000229831500379574	"gene-tagln2"
92.2998021557998	0.741362078021931	0.170491181434079	4.3483895869921	1.37140831369835e-05	0.000231264441024835	"gene-ipo13b"
3894.52360592474	0.491234496500396	0.112991235384985	4.34754514212237	1.37669741696273e-05	0.000231821779965356	"gene-pdia3"
1295.961106992	-0.597883078551373	0.137530035513206	-4.34729094863037	1.37829334084877e-05	0.000231821779965356	"gene-snw1"
102.453831790826	1.25424001491985	0.288641094462907	4.34532725582161	1.39068176335253e-05	0.000233602068964704	"gene-numbl"
108.86795437741	0.946043408820201	0.217892654137919	4.34178661306033	1.41328760391723e-05	0.000237091810341089	"gene-LOC119025465"
47.6785196884314	2.58934312698682	0.596479299837783	4.34104440454348	1.41807059048647e-05	0.000237279486012794	"gene-g20648"
30.2244967165312	1.27246950433891	0.293120794757369	4.34110962817291	1.41764965436055e-05	0.000237279486012794	"gene-st3gal2"
41.7899673401148	1.86218165153967	0.429305093796775	4.33766493444217	1.4400446368377e-05	0.00024064539473142	"gene-cdc42ep1a"
454.921835956677	-0.580916399396714	0.133941765369516	-4.33708184892211	1.44386868267353e-05	0.000240880027548984	"gene-lias"
3889.74018704578	-0.417693210148121	0.0963118248369041	-4.33688397925643	1.44516856926539e-05	0.000240880027548984	"gene-pabpn1l"
685.675938216523	-0.536749212541664	0.123813406943756	-4.33514613474365	1.45663322197666e-05	0.000242327492683756	"gene-g6529"
245.24221718092	0.584686671707134	0.134875788509715	4.33500095285835	1.45759491005055e-05	0.000242327492683756	"gene-tasor2"
51.2951288818868	1.00111133867341	0.231279722443575	4.32857376382252	1.50078068285935e-05	0.000248603419908291	"gene-gpr161b"
1156.89727355723	-0.575669267564626	0.132994282586773	-4.32852643262336	1.50110319178661e-05	0.000248603419908291	"gene-her5"
113.537951603079	0.860890706490245	0.19888089039581	4.3286748403877	1.50009218084337e-05	0.000248603419908291	"gene-zgc:92594"
8379.76942504966	-0.740958357644149	0.171225350482853	-4.32738701106264	1.50888704205728e-05	0.000249573385462119	"gene-kpnb1"
1700.42586041556	-0.58531706775703	0.135307060647264	-4.3258427531946	1.51949793547704e-05	0.000250716538376205	"gene-gramd1c"
677.009164344121	-0.670474391787944	0.154993674479606	-4.32581777313863	1.51967016157301e-05	0.000250716538376205	"gene-wdr4"
682.401779091113	-0.320986124906488	0.0742278299329571	-4.32433664295998	1.52991521230515e-05	0.00025208564776799	"gene-taf8"
48.0712431906373	1.69084624206996	0.391082744245322	4.32349999316081	1.5357314297201e-05	0.000252495530103409	"gene-foxp4"
43.6354386261353	2.21370247815245	0.512026003516875	4.32341807437031	1.53630204402352e-05	0.000252495530103409	"gene-myl9b"
26.0996585875513	1.77419631308199	0.410712450875756	4.31980162592806	1.56169521674571e-05	0.000255636034498669	"gene-aldh3a2b"
20.9855045035847	1.4682628786796	0.339917281199095	4.31947111809129	1.56403575304626e-05	0.000255636034498669	"gene-fam149b1"
39.3133998202377	2.42469043958152	0.561409360856763	4.31893482481521	1.56784070383882e-05	0.000255636034498669	"gene-hbaa1"
58.2262062902118	1.12036166098885	0.259329405481264	4.32022608045422	1.55869428147562e-05	0.000255636034498669	"gene-map4k2"
160.918270725226	0.920820821800594	0.213215171744755	4.31873967628782	1.56922745291052e-05	0.000255636034498669	"gene-pcdh1g32"
19.9625889354567	2.06627937523194	0.478439372339249	4.31879041461244	1.56886678778776e-05	0.000255636034498669	"gene-rpz"
48.7201980516645	1.09822278617207	0.254258026816864	4.31932395575104	1.56507897884387e-05	0.000255636034498669	"gene-soga1"
75.3919775643227	0.990004881930181	0.229281925893648	4.31784964327888	1.57556697624772e-05	0.000256346330519902	"gene-slkb_ChrAur3"
764.801270405321	-0.470016645873851	0.10891369708845	-4.3154961996391	1.5924479176947e-05	0.000258767791493903	"gene-edf1"
378.537511191271	0.673857524450798	0.156197230011496	4.31414516378557	1.6022164701384e-05	0.000260028891037123	"gene-bloc1s2"
297.50428637508	-0.886034167885205	0.205404724723205	-4.31360169090164	1.60616209324486e-05	0.000260342994613444	"gene-cep83"
235.093017259075	-0.488701312003474	0.113437311730075	-4.3081178895207	1.64649624798138e-05	0.000266547161345086	"gene-mffa"
1058.78783904671	-0.965245956028013	0.224208792585103	-4.30512088709292	1.66894574029453e-05	0.000269844148346497	"gene-snrnp70"
88.0669053449431	0.881403388599832	0.204755291707768	4.30466720175316	1.67236945622414e-05	0.000270060558947118	"gene-arhgap21a"
22.3937769391892	2.26957057350271	0.527533380307377	4.3022312108104	1.69086730680174e-05	0.000272707627526642	"gene-epdl1_ChrAur1"
82.7421982760089	1.14122934414932	0.265298099107457	4.30168684958077	1.69502752012379e-05	0.00027303857479009	"gene-g5726"
31.3487130267316	1.4178417096266	0.329637577602414	4.30121383593196	1.69865038717266e-05	0.000273282250487864	"gene-g16676"
47.6775797306071	1.11170248043218	0.258655038721987	4.29801207788215	1.72336774743544e-05	0.000276914834950824	"gene-nadsyn1"
22.4935028743066	1.45818532338781	0.339340765100611	4.29711214612094	1.73037663018725e-05	0.000277696502324103	"gene-fbxw2"
320.780222150531	0.981762039708316	0.22851628450201	4.29624541571645	1.73715260393463e-05	0.000278438903138087	"gene-msna"
281.737911590684	-1.25557664526629	0.29240215760635	-4.29400608923217	1.75477658062969e-05	0.000280916087709952	"gene-cradd"
2523.36026481	-0.559068755664655	0.130228316313203	-4.29298920151956	1.76283583102084e-05	0.000281857862315444	"gene-ranbp1"
22989.7344328721	-0.605976921603787	0.141164558277316	-4.29269874109159	1.76514431624018e-05	0.00028187896473029	"gene-eif4a1a"
340.512951575787	-0.632928899570623	0.147484633924349	-4.29149046059454	1.77477828642041e-05	0.000283068393933876	"gene-taf5"
48.7358654582606	1.57838595510845	0.367925618284241	4.28995937404138	1.78705805778057e-05	0.000284676370311391	"gene-palld"
38.3323648874836	1.04733527305547	0.244246129336888	4.28803222347439	1.80262947252421e-05	0.000286804106863158	"gene-arl8ba_ChrAur1"
160.328849890742	0.756304080202524	0.176507706405811	4.28482186757158	1.82885661820008e-05	0.000290619902605021	"gene-klhl3"
49.331900098892	1.24918686663154	0.291633139073378	4.28341878635826	1.8404329509387e-05	0.000291743539138398	"gene-g7044"
84.0970432303705	0.632973946900556	0.147771213448555	4.2834726204703	1.83998749965616e-05	0.000291743539138398	"gene-smpdl3a"
31919.0384767841	-0.639167194948699	0.149241207735916	-4.28277956634949	1.84573004589164e-05	0.000292225547974849	"gene-ctss2.1_ChrAur2"
93.9872580050775	0.803375663099928	0.187596508310236	4.28246597090898	1.84833405901588e-05	0.00029228051768394	"gene-zfpm1"
43.3492591322198	1.60256599683084	0.374354069049841	4.28088307120143	1.86153154020885e-05	0.000294008475332254	"gene-lnpep"
2509.61575851	-0.518395450157059	0.121135373594952	-4.27947208790102	1.87337128802996e-05	0.000295158534687056	"gene-usp36"
18.0695563442499	1.67792768404987	0.392072552232569	4.27963568093529	1.8719948899867e-05	0.000295158534687056	"gene-wdr31"
93.1435529005868	0.75172260966539	0.175702103268901	4.27839277777412	1.88247630553479e-05	0.000296232692988834	"gene-mrps7"
1259.30841402684	-0.438299313749058	0.102488955904199	-4.27655165263615	1.89810532099635e-05	0.00029761386061702	"gene-bub3"
75.3857659233961	-0.672648615731615	0.157281263588414	-4.27672438779393	1.89663376253283e-05	0.00029761386061702	"gene-dnajc11b"
2143.98114058126	-0.705644442905816	0.165010301031551	-4.27636601166429	1.89968803854354e-05	0.00029761386061702	"gene-g6620"
20.956780407838	1.69680144658576	0.396794068160178	4.27627724994314	1.90044523766717e-05	0.00029761386061702	"gene-pleca"
18.4451958658516	1.56959209581532	0.367161718910395	4.27493394592798	1.91193970777071e-05	0.000299052308639353	"gene-map4k1"
2072.22718520093	-0.573429863287085	0.13419093452304	-4.27323846670602	1.9265422429899e-05	0.000300972841845141	"gene-sart1"
51.1190020804122	0.964582028123328	0.225773180167815	4.2723499195359	1.93423732964496e-05	0.000301810935617252	"gene-rgs12b_ChrAur2"
1427.55197132049	0.376707273874552	0.0882368354530874	4.26927452622476	1.96109778607468e-05	0.000305633904060809	"gene-eno1b"
173.352624233984	0.786833625853828	0.184481966259464	4.26509778601984	1.99814669351842e-05	0.000311033627737464	"gene-osbpl8"
42.9438406206849	1.06858010589757	0.250604729929992	4.26400613506412	2.00793926848688e-05	0.000311663484649218	"gene-ccdc149b"
110.36034083602	0.762177421506059	0.178737833132916	4.26421988085352	2.00601828670002e-05	0.000311663484649218	"gene-rab7a_ChrAur1"
31.493294871538	1.24562769509158	0.292137371508498	4.26384234464624	2.00941247534628e-05	0.000311663484649218	"gene-srd5a3"
33.9817028247181	1.6019974632501	0.375780401970837	4.26312137314288	2.01590947213449e-05	0.000312297171933179	"gene-kiaa0040"
69.4737988620126	1.3350270209222	0.313250331573296	4.26185349658543	2.0273834215231e-05	0.000313329075783994	"gene-exoc8"
46.3594617470182	2.15410062501798	0.505437848254255	4.26185065573955	2.02740920011572e-05	0.000313329075783994	"gene-LOC119009669"
43.309874298324	-1.00662498467874	0.236265214440429	-4.26057211622468	2.03904274197727e-05	0.000314751401088768	"gene-hmga1b"
112.150355933369	0.831662299283092	0.195330588511303	4.25771665165985	2.06525478712211e-05	0.000318418032714506	"gene-prkacab_ChrAur2"
28.7235937139324	1.10672970896201	0.260016645106807	4.25638023483996	2.07763248976302e-05	0.000319945521699416	"gene-ptpdc1a"
29.9874701890525	2.43576778591375	0.572304134000466	4.2560723244955	2.08049430602601e-05	0.000320005721583645	"gene-g20649"
31.6049960027572	1.28851651798661	0.302794803590878	4.25541159460448	2.08664801171199e-05	0.000320571511265504	"gene-pafah1b2"
366.220899723767	2.55138169934616	0.599629442227758	4.25493066162197	2.09113807260844e-05	0.000320880677468625	"gene-myh11a"
333.773698944825	0.684199278740254	0.160900275660469	4.25231887224389	2.11568318419411e-05	0.000324262874775123	"gene-g15492"
581.306219346111	-0.385571909628598	0.0906815056749954	-4.25193546091412	2.11930941802859e-05	0.000324434707717355	"gene-gnai1_ChrAur1"
166.629504643451	0.810531300364852	0.190656155566731	4.25127265340856	2.12559208913827e-05	0.000325012315778391	"gene-tspan11"
107.414137967979	-0.657667869757697	0.154767142910369	-4.24940240796829	2.14341565864169e-05	0.000327351134375809	"gene-g16844"
372.821891616098	-0.869682675138286	0.204696790706688	-4.24863854550834	2.15073616491656e-05	0.000328082262330205	"gene-lmbr1l"
82.511385938224	-1.08915827289363	0.256409814492595	-4.24772458514878	2.15952641639504e-05	0.000329035607279202	"gene-trim59"
4387.1979937812	-0.70581666487664	0.166222533488319	-4.24621529984225	2.17411727361827e-05	0.000330649536956359	"gene-cpeb1b"
92.6142075033819	0.682702868026302	0.160783469898626	4.2461010976859	2.17522512151044e-05	0.000330649536956359	"gene-mgat4a"
622.771378182909	0.509261588054608	0.119967711653466	4.24498876435721	2.18604374467572e-05	0.00033190448461073	"gene-gnl2"
437.755284462595	-0.514260233310496	0.121153041727879	-4.24471582368996	2.18870619752747e-05	0.000331919601454079	"gene-dync1i2b"
17.3150193780655	1.67287454085801	0.394212421685596	4.2435865762551	2.19975449936359e-05	0.000333204918377286	"gene-trim44"
872.101698002786	0.977550612334006	0.230471705595864	4.24152114380651	2.2200997017476e-05	0.000335893822866042	"gene-gpatch4"
360.308112483936	-0.490228283383957	0.115607858265093	-4.24044083802543	2.2308122864133e-05	0.000336727854561056	"gene-g15864"
29.7902730965122	2.04679690274624	0.482675900491849	4.24052019307478	2.23002371048676e-05	0.000336727854561056	"gene-ighd_ChrAur3"
54.056527746453	1.23423378572982	0.291102925716341	4.23985359368217	2.23665617168665e-05	0.000337216927584561	"gene-piezo2"
118.70944257546	-0.652419129111355	0.153901647769328	-4.2391952169948	2.24322524509551e-05	0.000337814071502697	"gene-cmtr1"
104.116145046376	0.593150017793446	0.139961747711762	4.23794377743111	2.25576236790272e-05	0.000339307531088365	"gene-slc35b1"
36.8542522531173	1.39684103226061	0.329706360163756	4.23662143358968	2.26908226856889e-05	0.00034091513294937	"gene-cttnbp2nlb"
74.0468978443585	0.577872869907768	0.136500800732903	4.23347604413337	2.30106704008356e-05	0.00034532003749852	"gene-znf740b"
17.5614964837118	2.18896361324168	0.517100933644757	4.23314573774388	2.3044506360431e-05	0.000345427548465211	"gene-mbnl1_ChrAur1"
159.639965916317	0.762851406287087	0.180253012823695	4.23211459457396	2.31504395865616e-05	0.000346614269463075	"gene-smpd2b"
205.751734709191	0.817533042438369	0.193226181619778	4.23096412497079	2.32691785703631e-05	0.000347989759428144	"gene-calr"
892.333408058245	-0.833289892225797	0.197014166286537	-4.22959377963645	2.34113670213029e-05	0.000349712357892611	"gene-g6127"
1683.32751654241	-0.388462239718042	0.0918590775072589	-4.22889332507552	2.34843658397983e-05	0.000350398642847036	"gene-st13"
155.511058061915	-1.01520824275949	0.240089771058625	-4.22845270868121	2.35303961899031e-05	0.000350681428142043	"gene-ikbip"
16.5740799653654	1.94552835775606	0.460195068605423	4.2276167010042	2.36179683798499e-05	0.000351581963778662	"gene-plpp3_ChrAur1"
37.3334639768606	1.1596271142317	0.27433760477512	4.22700750479421	2.36819771929939e-05	0.000352130065013162	"gene-minpp1a_ChrAur1"
25.437027288752	1.35272602868399	0.320040998625445	4.22672730835692	2.37114730810018e-05	0.000352164320954191	"gene-rabac1"
474.11291710392	-0.425862269698687	0.100775696760787	-4.22584296995302	2.38047955809971e-05	0.000353145369495411	"gene-actr5"
1072.89858496114	-0.437822894719082	0.103649397398701	-4.22407564064207	2.39923464998591e-05	0.000355520457116333	"gene-imp4"
28.4684451841017	-1.52441214778432	0.361062015199584	-4.2220230420574	2.4211935119131e-05	0.000358364310546132	"gene-g1459"
224.683072187864	0.48870934618457	0.115770624424639	4.22135881717295	2.42834029804443e-05	0.000359011817351295	"gene-ccnyl1_ChrAur1"
1694.5515941214	-0.292902044850009	0.0694061588238618	-4.22011605041179	2.4417658949943e-05	0.00036017437478441	"gene-poldip3"
509.21902425022	0.705256262075814	0.167114916361127	4.22018738621626	2.44099334847899e-05	0.00036017437478441	"gene-sh3bp5b"
1821.0709993584	-0.543196560077817	0.12874492318526	-4.21916877682372	2.45204667736771e-05	0.000361279368812164	"gene-dnajc2"
51.6521037951301	1.18290195783293	0.280393682803746	4.21871828924502	2.45695026551619e-05	0.000361590487371594	"gene-LOC119012155"
193.077739036359	-1.45096563177196	0.344400261114226	-4.21302128830477	2.51977303901634e-05	0.000370415217120325	"gene-LOC119030772"
19.1190080598187	1.93069934069501	0.458423382419597	4.21160746754368	2.53559873737046e-05	0.000372319039089397	"gene-ankrd6b"
1116.58940304971	-0.463409765533349	0.110145900293224	-4.20723571462657	2.58513457571861e-05	0.000379162830012817	"gene-anp32b_ChrAur2"
164.955254190884	0.528574941460977	0.125647384424818	4.20681213445596	2.58998272290437e-05	0.000379444188284326	"gene-pomgnt1"
301.231063951455	0.550050528797156	0.130775723136783	4.20605992919527	2.59861351618147e-05	0.000380278459300183	"gene-atl3"
188.553201678256	1.76182827030248	0.41892423879933	4.20560117350102	2.60389069414483e-05	0.000380620636341645	"gene-LOC119012690"
3462.60298131996	-0.500456762908846	0.119053449169846	-4.20363094390383	2.62667082704759e-05	0.000383517631128448	"gene-LOC119025452"
107.200509848401	-1.152644237132	0.274280881421809	-4.20242282712874	2.64073288701968e-05	0.000384534813018626	"gene-coch"
65.2915763317812	1.34456804113876	0.31996249855981	4.20226760070577	2.64254485048704e-05	0.000384534813018626	"gene-luzp1"
249.646379564403	-0.362108942634331	0.0861650835040936	-4.20250207982596	2.639808223206e-05	0.000384534813018626	"gene-sephs1"
44.3000558376162	1.18698280945455	0.282491905811075	4.20182945081754	2.64766577054928e-05	0.00038484758018388	"gene-shank3b"
551.0270533044	-0.443964150041784	0.105676452283933	-4.20116440745886	2.65545656748459e-05	0.000385547287057096	"gene-nfkbil1"
45.4498348412281	1.49478547869703	0.355826993306798	4.20087713078082	2.65882867163217e-05	0.000385604592679823	"gene-tenm3"
1583.57413939141	-0.302284118487786	0.0719634894220442	-4.20052058224943	2.66301956465631e-05	0.000385780384584607	"gene-thop1"
2034.02680347852	-0.41190637805137	0.0980847683968867	-4.1994938131948	2.67512339118564e-05	0.000387100816080953	"gene-u2surp"
249.351887881933	0.725170734020767	0.172703664029003	4.1989307991693	2.68178253950733e-05	0.000387631313271868	"gene-tlk2_ChrAur2"
69.0466010547797	1.53206064416251	0.364966148632028	4.19781574237776	2.69501762441471e-05	0.000388250783743622	"gene-hipk3b"
29.1419878374393	-1.04183175457894	0.24818447025374	-4.19781202874535	2.69506180669845e-05	0.000388250783743622	"gene-map2k1"
2062.03651782531	-0.72394930387584	0.172439611393332	-4.19827728690785	2.68953183914354e-05	0.000388250783743622	"gene-rbm26"
162.387776112154	-0.548289244888288	0.130654266375627	-4.1964894074869	2.71084134122844e-05	0.000390090069002772	"gene-ing4"
26.5252920428939	1.88498627607732	0.44923407505792	4.19600021622199	2.71669986283514e-05	0.000390499222237268	"gene-sema5a"
39.9181697977299	-1.02599970527618	0.244562242133117	-4.1952498322195	2.72570981380424e-05	0.000391359953421049	"gene-tubb4bl_ChrAur1"
288.661273862876	0.693215846112224	0.165381501629934	4.19161659121584	2.76973787883225e-05	0.000397241143618566	"gene-ndst2a"
40.6066153954194	1.81702163181685	0.433567290392059	4.19086419128571	2.77893967977967e-05	0.000398119997708258	"gene-serpinh1a"
26.4244881528245	0.988212574239288	0.235825191522981	4.19044533731668	2.78407482238479e-05	0.000398414950549231	"gene-fbxl4"
111.87524098955	1.31948824446868	0.314944525880382	4.1895893912753	2.79459677626992e-05	0.000399038840677748	"gene-acp2"
97.5048912236766	1.12887031096627	0.269443628726765	4.18963445638206	2.7940418593889e-05	0.000399038840677748	"gene-ptprk"
271.208935087798	0.805754672574033	0.192378249110742	4.1883875973432	2.8094339858937e-05	0.000400715633824992	"gene-jak2b"
405.79907835968	-0.899050162157462	0.214687525510953	-4.18771495930068	2.81777095512103e-05	0.000401157979774058	"gene-prdx1"
2626.27889606043	-0.729983208589027	0.174328997196675	-4.18738833084362	2.82182780923609e-05	0.000401157979774058	"gene-rbm4.3_ChrAur1"
242.078022166521	-0.696018073434869	0.166216765055818	-4.1874119809824	2.82153387881894e-05	0.000401157979774058	"gene-si:dkeyp-38g8.5"
1064.46422594206	-0.409816261902906	0.0979027714371517	-4.18595159143157	2.83973870270031e-05	0.000403261578274909	"gene-rrs1"
164.05884071452	0.677064955698126	0.161858523514963	4.18306642736387	2.87603311438684e-05	0.000407968289862256	"gene-ext1b_ChrAur2"
165.373825055016	-0.85099345026474	0.203494320715157	-4.18190270506824	2.89079679589699e-05	0.000408330774762333	"gene-cep76"
36.1569380785863	1.71212335965138	0.40938745849069	4.18215879392973	2.8875417291449e-05	0.000408330774762333	"gene-itga9"
658.54452416772	-0.441764114195289	0.105624765022251	-4.18239145054881	2.88458752319656e-05	0.000408330774762333	"gene-rbm17"
399.306896618472	-0.630987636648603	0.150886442227804	-4.18187099736871	2.89120006530043e-05	0.000408330774762333	"gene-taf4a_ChrAur1"
829.521314976081	-0.333844805034693	0.0798565367547039	-4.18055701639263	2.90795883113005e-05	0.000410250270391779	"gene-g10324"
56.1589490470224	1.48073112448989	0.354252558445515	4.17987418633599	2.91670419683268e-05	0.000410792727023525	"gene-camsap2b"
151.623015761357	-0.851336512473706	0.203680635526626	-4.17976166596561	2.91814770181178e-05	0.000410792727023525	"gene-rbm41"
43.9563462280588	-1.0817734008844	0.25884193472389	-4.17928185414911	2.92431075250892e-05	0.000411213339367459	"gene-slc25a48"
128.392383070553	0.92820921564925	0.222161702254603	4.17807932793699	2.93981127734854e-05	0.000412497246510737	"gene-nagpa_ChrAur1"
1165.27124512815	-0.413927165562963	0.0990662784354393	-4.17828520562338	2.93715199159705e-05	0.000412497246510737	"gene-trmt10c"
312.245676089517	0.944979058486988	0.226260086308516	4.17651683027498	2.96006850743514e-05	0.000414890121642777	"gene-f5"
14.1401410055081	1.83258498189321	0.43885340664259	4.17584768434006	2.9687842614304e-05	0.000415661891565244	"gene-dbpb"
31.2080314577525	1.84428626517201	0.441746195558565	4.17499071574347	2.97998206739048e-05	0.000416379407395403	"gene-g2383"
48.3491601335798	0.864332418925683	0.207027541700736	4.17496344604768	2.98033905223951e-05	0.000416379407395403	"gene-tmx2b_ChrAur1"
966.404693028036	-0.627634290370871	0.150394915383357	-4.17324142090196	3.00296441645715e-05	0.000419088277559661	"gene-g15899"
78.6131073678772	1.35786725222345	0.325412736894262	4.17275385463683	3.0094000517654e-05	0.000419534338755798	"gene-capn1"
19.7092145337404	1.30430788645457	0.312609427391406	4.17232422367576	3.01508183170356e-05	0.000419874460240782	"gene-LOC119009461"
77.2717611726591	0.842669289849118	0.202065385593836	4.17028026533419	3.04225266386393e-05	0.000423203160576818	"gene-g17881"
128.591839931491	-0.685584411512319	0.164436800535674	-4.1692881963097	3.05552420429781e-05	0.000424138199033879	"gene-gkup"
31.2160093325562	1.42755789253516	0.342379811230594	4.16951539112128	3.05248002585295e-05	0.000424138199033879	"gene-kank4"
161.456356211149	0.990398941036577	0.237640110432159	4.16764215113137	3.07766585668489e-05	0.000426635028707092	"gene-abhd4"
20352.5445900944	-0.767601164535802	0.184189126785339	-4.16746187971451	3.08010000649472e-05	0.000426635028707092	"gene-actb2_ChrAur3"
2184.88179498936	-0.806769837172146	0.193618917016365	-4.16679242712611	3.08915544148394e-05	0.000427432180797634	"gene-cyp26a1"
987.599257180045	-0.438273720644044	0.105192842452916	-4.16638347652041	3.09469960495451e-05	0.000427742311459615	"gene-thoc1"
42034.2266060327	-0.70464698143157	0.169147651897039	-4.16586912989187	3.10168605272182e-05	0.000428250917577828	"gene-eef1g"
134.597937718923	-0.565523476401256	0.135828339001371	-4.16351610097763	3.13383915662293e-05	0.000432229509237737	"gene-rad23ab"
53.0718239117378	0.927443209204765	0.222768787773004	4.16325472915805	3.13743016774447e-05	0.000432264447898496	"gene-abcb9"
134.453436033624	0.802640305000324	0.192851512433636	4.16196012606605	3.15527455661495e-05	0.000434261007255263	"gene-pbxip1a"
27.5415220116672	1.58861054077895	0.381860683254723	4.1601835707167	3.17991904021611e-05	0.000437188232376208	"gene-slc39a14"
16.0856336624381	1.63912706452062	0.394070020458268	4.15948176573916	3.18970482509188e-05	0.000438068581015534	"gene-vhl"
175.25876248813	-0.64130132649959	0.15419672597179	-4.15898147290699	3.19669823849064e-05	0.000438563971257334	"gene-tceanc2"
482.69039076736	0.401403826224548	0.0965279634427752	4.15842012933913	3.20456240069767e-05	0.000439177647105137	"gene-atp6ap1b"
791.855203997052	-0.467906344718735	0.112559383879362	-4.15697322242118	3.2249177313613e-05	0.000441302152610203	"gene-mtrf1"
39.1185757112277	1.38540237432658	0.333283044678863	4.15683424778328	3.22687930292535e-05	0.000441302152610203	"gene-slc16a5a_ChrAur1"
26708.4668629365	-0.569895956122674	0.137117437280996	-4.15626172296949	3.23497222252274e-05	0.000441942249513629	"gene-zpax4_ChrAur3"
1198.52089726885	-0.809061567676171	0.19467606605573	-4.15593752261544	3.2395635012207e-05	0.000442103128601784	"gene-kif16bb"
283.648931870025	0.958926774217481	0.230776806533615	4.15521294631401	3.24984723597282e-05	0.000443039700558778	"gene-tcf3b"
72.2315078297338	0.78340011430632	0.188612795701337	4.15348339116299	3.27451990274686e-05	0.000443656443417573	"gene-crcp"
371.548263230367	0.650928383003785	0.156684974954063	4.1543765328783	3.26175681068723e-05	0.000443656443417573	"gene-LOC119024897_fusion_1"
462.9112406268	0.723355801816814	0.17415760783579	4.15345508476927	3.27492517880626e-05	0.000443656443417573	"gene-slc23a2"
134.411789505026	0.54194990301252	0.130457935775009	4.15421185221864	3.26410655597763e-05	0.000443656443417573	"gene-slc25a34"
156.658823245403	0.655942806876915	0.157915857624452	4.15374881753072	3.27072198491425e-05	0.000443656443417573	"gene-tcp11l2"
64.6692003708241	1.4221070533854	0.342344138986051	4.15402774996345	3.2667353219745e-05	0.000443656443417573	"gene-zbtb4"
459.609001407578	-0.478738804797321	0.115287454128802	-4.15256636912516	3.28767360263796e-05	0.000444918085974548	"gene-asz1"
2645.03485451867	-0.499145726006764	0.120223926686848	-4.15180022614722	3.29870157480766e-05	0.000445482697834967	"gene-fbxo11b_ChrAur1"
1163.51756612621	-0.75699329937798	0.182333488552821	-4.15169646226938	3.30019786613226e-05	0.000445482697834967	"gene-g21959"
1027.38497507294	-0.448862778542048	0.108119060350374	-4.15156011426155	3.30216500595759e-05	0.000445482697834967	"gene-skiv2l"
2111.51398361901	-0.367508402180241	0.0886076282595618	-4.14759326481106	3.35988615181121e-05	0.000452797976608814	"gene-sdad1"
42.3368742465725	1.12950228187595	0.272397251501349	4.14652598603901	3.37557884682058e-05	0.000454439933941511	"gene-lzts2a"
526.126699665484	-0.379295877902057	0.0914975425694422	-4.14542147527285	3.39189227101319e-05	0.000456161960559624	"gene-smg9"
39.6020959061028	1.77938383470372	0.429523717521172	4.14269052468799	3.43254999463275e-05	0.000461150985274779	"gene-LOC119030164"
16.850298375747	1.73483620944035	0.418923369620777	4.14117792237464	3.45526799664228e-05	0.000463722029269577	"gene-ano5a_ChrAur2"
137.399436423724	-0.960281596420736	0.231917068313204	-4.14062493720331	3.46360895315586e-05	0.000464360243812852	"gene-g15162"
29949.8346701666	-0.707508585494636	0.17090036530554	-4.13988925201964	3.47473531329485e-05	0.000465370186582023	"gene-rpl3_ChrAur1"
1330.22608234858	-0.52866775341898	0.127740249255876	-4.13861532679499	3.49408223472586e-05	0.000467477882458002	"gene-g5103"
15.3223016598865	1.62585438843572	0.392885779233697	4.13823679647267	3.49985060721993e-05	0.00046776641087828	"gene-fkbp1b"
523.354266522092	-0.605813642580924	0.14640377113973	-4.13796473864547	3.50400204424553e-05	0.0004678384585054	"gene-brd3a_ChrAur2"
2597.12209410909	-0.561357192844731	0.135677347986253	-4.1374422567694	3.511987917963e-05	0.000468421787080729	"gene-eif1"
65.3969307558052	-0.797235009691339	0.192753664054939	-4.13603037638813	3.53365435090399e-05	0.00047082672323619	"gene-iqcd"
18.594189193095	1.78111120840709	0.430703691888113	4.13535161632602	3.54411558913568e-05	0.000471735262023599	"gene-snrkb"
71.5422652157238	-1.14458536015046	0.276915285786752	-4.13334120179946	3.57527348339288e-05	0.000475393910507405	"gene-g11420"
837.902710523393	-0.644147633955255	0.155881990652372	-4.13227744436335	3.59186490533576e-05	0.000477110178348753	"gene-sde2"
14926.922708134	-0.635597949980728	0.153832116838412	-4.1317636592648	3.59990456837401e-05	0.000477199222773918	"gene-g14907"
37548.815072494	-0.698322927498864	0.169007350655959	-4.13190861100716	3.5976346478956e-05	0.000477199222773918	"gene-zp2.5_ChrAur2"
353.296733356342	-0.581638579022065	0.140796286157365	-4.13106478087057	3.61086798739687e-05	0.000478163101275837	"gene-mapk8a"
90.0671298923836	0.652460030921318	0.158069183543526	4.12768647433202	3.66431254277668e-05	0.000484744757318701	"gene-mapkap1"
119.329862469814	-0.717948768381357	0.173959142242618	-4.12711145344718	3.67348379939144e-05	0.000485462129448148	"gene-ccdc142_ChrAur1"
1288.45243640101	0.556366403510292	0.135013323589148	4.1208259208798	3.77516599000285e-05	0.000497883653121455	"gene-prdx6_ChrAur1"
369.390772026389	0.745523615721307	0.180910647243437	4.12094935859753	3.77314364426754e-05	0.000497883653121455	"gene-slc12a2"
68.367346571027	0.927459444361856	0.225114347665876	4.11994816846782	3.78957637619947e-05	0.000498768329757716	"gene-g17647"
6291.00416915786	-0.458847012061699	0.111366888958078	-4.12013854705434	3.78644643295136e-05	0.000498768329757716	"gene-ran"
40.5867606164871	1.09226014625215	0.265173505937988	4.11903950354522	3.80454926353387e-05	0.000499723301339017	"gene-g6255"
200.348375611946	-0.731319624550831	0.177540735600689	-4.11916522749832	3.80247425482611e-05	0.000499723301339017	"gene-hp1bp3"
779.219137044948	-0.451084198278558	0.109569416259699	-4.11688054638722	3.84034988081552e-05	0.000503914602902145	"gene-g10663"
1022.7576814771	-0.483538510434796	0.117508613798901	-4.11491970505502	3.87314216914653e-05	0.000507703079277496	"gene-eif4e1c"
240.031176133033	1.22622616135483	0.298049294349876	4.11417233524929	3.88571068374513e-05	0.000508835582054431	"gene-ccnf"
775.322020399747	0.571015844623294	0.138815727850078	4.11348089634335	3.89737307492411e-05	0.000509847259528708	"gene-aifm1"
2272.04104474308	-0.42964162130479	0.104484153144081	-4.11202664113404	3.92201027797093e-05	0.000512552523814344	"gene-eif4g2b"
134.964620548027	-0.606854407699025	0.147613889936012	-4.11109285150664	3.93790788842367e-05	0.000514111341360634	"gene-g8418"
1075.22981489539	-0.526428680389087	0.128079695045202	-4.1101650047129	3.95376488674738e-05	0.000514625216565481	"gene-mcoln3b"
1276.43845169688	-0.730949509628377	0.177836387758259	-4.11023592439356	3.95255072625441e-05	0.000514625216565481	"gene-rgs12b_ChrAur1"
599.538778525091	-0.436477293447368	0.106187447317773	-4.11044153026091	3.94903270845597e-05	0.000514625216565481	"gene-tars3"
315.555380760266	0.899045259222331	0.218864598581852	4.10776921004017	3.99498999717146e-05	0.000519469030656301	"gene-hsd17b12b"
45.3222524138511	1.82897680832996	0.445368959775113	4.10665532068847	4.01429562108023e-05	0.000521455793265898	"gene-ghrb"
83.990100183412	1.07464481283553	0.261776654703172	4.10519728756589	4.03969966728467e-05	0.000524229963837713	"gene-ddr1"
25.2326183301184	2.0047136883963	0.488373942239157	4.10487439031829	4.0453462663943e-05	0.000524437232192919	"gene-serpine1"
720.689624871318	-0.306796428575333	0.0747652042863017	-4.1034653954867	4.0700735376211e-05	0.000527115223857309	"gene-pan2"
161.102480331106	0.546966523497998	0.133308141363249	4.10302415069742	4.07784664439795e-05	0.000527594324591387	"gene-fam3a"
437.284629979409	-0.601676515686838	0.146654271270576	-4.10268661440314	4.08380229712426e-05	0.000527837560379803	"gene-csnk1g2a"
991.19317105083	-0.286563491096213	0.0698773755883973	-4.10094810635383	4.11460833108928e-05	0.000531289057786014	"gene-rpf1"
25.0359164695822	0.986917753819469	0.240791701009591	4.09863691182678	4.15590380172412e-05	0.000536064762937234	"gene-cp110_ChrAur1"
15.0406959938946	1.6176245565953	0.394705000868215	4.09831279825967	4.16172627308415e-05	0.000536064762937234	"gene-erc1b_ChrAur2"
133.805952992111	2.51854259581062	0.61455062851527	4.09818569691373	4.16401167102816e-05	0.000536064762937234	"gene-LOC119021685"
868.430519671243	-0.626094734716036	0.152927476280173	-4.09406308104497	4.23878906819302e-05	0.000544068951656767	"gene-brpf3a"
58.9840226291135	0.949905382317719	0.232013437351852	4.09418261786784	4.23660304859594e-05	0.000544068951656767	"gene-g7707"
329.30894540241	-0.86793118276241	0.211973916480488	-4.09451878407079	4.23046116932432e-05	0.000544068951656767	"gene-LOC119008409"
190.833297412199	0.708621408672102	0.173139183942277	4.09278473270586	4.26223376754961e-05	0.00054613524970752	"gene-abr"
580.628189552657	0.682079960194949	0.16665665555604	4.09272559754203	4.26332126827506e-05	0.00054613524970752	"gene-txnipa"
195.412485863584	-0.590406848603268	0.144280817825303	-4.09206752153387	4.27544112011107e-05	0.000547146620025282	"gene-metap1d"
15.280140957444	1.71628490135416	0.4194645433443	4.09160900149173	4.28390504325907e-05	0.000547353094406485	"gene-bco2a"
1214.23015310002	-0.351586082113285	0.0859303838551646	-4.09152230375093	4.28550720197804e-05	0.000547353094406485	"gene-socs2"
22.419857980084	1.51589769121455	0.370772832104026	4.08848103193615	4.34207043270629e-05	0.000554031075605706	"gene-p3h3"
80.7924872472406	0.94860762461262	0.232087160090916	4.08729041382996	4.36440650108298e-05	0.000556332958617379	"gene-ogfr"
21.5078736170271	1.94437829357868	0.47590921652457	4.08560756141249	4.39616287701088e-05	0.000559829945134394	"gene-wipi1_ChrAur2"
197.017499918291	-0.610815165181163	0.149535460195093	-4.08475129834927	4.41240505553382e-05	0.000561346344540457	"gene-nucks1a_ChrAur2"
451.047370964974	-0.602194523655337	0.147455486726231	-4.08390719819997	4.428472220439e-05	0.000562285722812799	"gene-slc39a10"
13.9526231306215	1.64671396299325	0.403208969408517	4.08402116006715	4.42629975856723e-05	0.000562285722812799	"gene-ube2nb_ChrAur1"
82.7334326384843	0.720497864819165	0.176440848902866	4.08350939875501	4.43606342417876e-05	0.000562697917791764	"gene-oxr1a"
744.164501755118	-0.385718811787286	0.0945182747256758	-4.08089137160801	4.48633197403849e-05	0.000566853516056316	"gene-ccdc22"
26.6992920229078	1.15786677910194	0.283709634538803	4.08116834306371	4.48098841996719e-05	0.000566853516056316	"gene-inppl1a"
63.3499334744102	1.15920113800984	0.284016362550027	4.08145899624235	4.47538739851201e-05	0.000566853516056316	"gene-pacsin3"
391.07011608363	-0.688096357575907	0.168610808712618	-4.08097418445282	4.48473364961003e-05	0.000566853516056316	"gene-slc7a6os"
86.3970418473952	1.20831542333296	0.296116270899621	4.08054383388666	4.49304549834582e-05	0.000567148462466635	"gene-rgl1"
1640.1070051776	-0.448396295504578	0.109915257904545	-4.07947271427943	4.51379672924409e-05	0.00056921306173749	"gene-g15310"
534.540680512628	0.352390562629969	0.0864164969926125	4.07781586726542	4.5460746259179e-05	0.00056995365421358	"gene-dnajb14"
147.418720894559	1.4490409399976	0.355278060850116	4.07861081129047	4.53056068664001e-05	0.00056995365421358	"gene-emilin1a_ChrAur1"
761.098037873752	-0.333482358798182	0.0817787223603809	-4.07786217701713	4.54516947550904e-05	0.00056995365421358	"gene-ngly1"
44.8251293775346	0.941417315890428	0.230834398846914	4.07832333739288	4.53616515451258e-05	0.00056995365421358	"gene-sh3bp5la"
57.3217504924855	1.36016029254727	0.333528578818041	4.07809219038263	4.54067626567916e-05	0.00056995365421358	"gene-tedc2"
34.2252947856546	0.906522048932961	0.22224651677545	4.07890329209918	4.52486534605691e-05	0.00056995365421358	"gene-tmem260"
26.1219933251472	1.41068182239876	0.346055897147821	4.07645653209652	4.57271988538449e-05	0.000572739799183893	"gene-arvcfb"
60.3018465856279	0.798714896942986	0.195957680888297	4.07595606011628	4.58256722890799e-05	0.000573418629773791	"gene-mical3a"
30.8137353765913	1.46703078642999	0.359994894330772	4.07514331323278	4.59860178843618e-05	0.000574869611602673	"gene-tmlhe"
18.9493618529492	2.15475255844551	0.528818524125783	4.07465408290613	4.60827937630797e-05	0.000574969423916806	"gene-ncam1a"
3666.15073481513	-0.531423244394431	0.130414894403889	-4.07486619395357	4.60408118531748e-05	0.000574969423916806	"gene-wee2"
115.236736953198	0.949907335803313	0.23328502115536	4.07187452970118	4.66363001919669e-05	0.000581315422315845	"gene-mtss1la"
1049.6829313965	-0.370901008504359	0.0911477101110454	-4.06923013263295	4.71687393794538e-05	0.000587386868945487	"gene-mapk14a"
212.870556228406	1.09752395181632	0.269895977827118	4.06647020326972	4.77305847843095e-05	0.000593812491394422	"gene-si:dkey-34d22.1"
430.880986439778	-0.547329599077337	0.134617101003651	-4.06582518117438	4.78628051860995e-05	0.000594885978853334	"gene-ankrd13d"
28.1850612958703	1.22419058334832	0.301201664208393	4.06435531013976	4.81654064310787e-05	0.00059750017115795	"gene-ahcyl1_ChrAur2"
594.050045999802	-0.764437961443191	0.188074102901215	-4.06455726573216	4.8123722765969e-05	0.00059750017115795	"gene-cfap221"
761.099212217611	-0.795006923156222	0.195755372898276	-4.06122657777238	4.88155663299076e-05	0.000604986028266635	"gene-nabp1a"
337.912031354663	-0.292733925369923	0.072115985391824	-4.05920994879882	4.92390279773071e-05	0.000609650718292643	"gene-smyd4"
35.8765440172784	1.66935731922637	0.411364671355964	4.05809598020106	4.94744352323934e-05	0.000611396384250694	"gene-ndnf"
571.179745876515	0.7384810190165	0.181974452562169	4.05815766234664	4.9461372519936e-05	0.000611396384250694	"gene-oaz1a"
317.338568200786	-1.26450811970104	0.311649181302375	-4.05747293933739	4.96065629383047e-05	0.000612444801347935	"gene-arhgap36"
497.594700813503	0.916982261992746	0.226049851691463	4.05654883261919	4.98031535341854e-05	0.000613793721076873	"gene-clpxb"
3263.84971855878	-0.637991313733233	0.157275763559456	-4.05651385371941	4.98106092851358e-05	0.000613793721076873	"gene-LOC119009738"
29.4230695886435	1.28824713147853	0.317608175860897	4.05608932448497	4.99011820557539e-05	0.000614325293539989	"gene-dlc1_ChrAur2"
604.10399259098	-0.586497191502262	0.144606507681179	-4.05581464421601	4.99598678967536e-05	0.000614463674388277	"gene-eme1"
427.506318211852	-0.597092812776052	0.147229935359157	-4.05551229319964	5.00245412682359e-05	0.000614675364293096	"gene-ddt"
750.451872234799	-0.566517084709001	0.139713308999924	-4.05485410634221	5.01656030103883e-05	0.000615824383495298	"gene-g12284"
74.1823663397322	0.917902608103281	0.226412689669337	4.05411290967757	5.03249066422957e-05	0.000617194948792019	"gene-aacs"
1550.54868488792	-0.590152389849743	0.145619525874189	-4.05270094313874	5.06297048893414e-05	0.000620345608346131	"gene-prdm10"
632.012435624052	-0.503757782076528	0.124316506979716	-4.0522195669375	5.07340179006883e-05	0.000621036168083	"gene-eed"
578.872249963449	-0.499302671583123	0.123243393916532	-4.05135444355973	5.09220001555195e-05	0.000622748653459993	"gene-rad51ap1"
13.1411447950276	2.13407046068113	0.526814567671993	4.05089492895315	5.10221161220508e-05	0.000623384364053471	"gene-slc35a3a_ChrAur1"
50.3041835677581	1.31239086686214	0.323996438643753	4.05063361917125	5.1079131725524e-05	0.000623492775661886	"gene-id3"
134.731129950189	0.92211796900622	0.227675341343864	4.05014422538417	5.11860758316349e-05	0.000624209856963751	"gene-xpo4"
59.7794111341042	0.969497875630416	0.239433022323651	4.04914019888162	5.14061439763033e-05	0.000624541248252443	"gene-g11677"
113.898505343152	-0.915485684343104	0.226083286743178	-4.04932933137628	5.13646204295855e-05	0.000624541248252443	"gene-g7273"
786.127286834201	-0.533836049138941	0.131828499268172	-4.04947376403783	5.13329320233113e-05	0.000624541248252443	"gene-ints13"
1878.85031270466	-0.522718937612262	0.129092448593726	-4.04918291740938	5.13967624544246e-05	0.000624541248252443	"gene-thoc5"
948.948740515722	-0.441735852800082	0.109124526866829	-4.04799787438398	5.16576154703516e-05	0.000627008226763378	"gene-rgs14a"
211.385884831	0.89304316709067	0.220708591245557	4.04625466571477	5.20436138252371e-05	0.000631101912594237	"gene-cdr2a_ChrAur1"
58.8094952998602	1.57615477216968	0.389604540659067	4.04552464789914	5.22060721732363e-05	0.00063247973874236	"gene-aebp1a"
38.554275023954	1.03488910214539	0.255827222984248	4.04526574644133	5.22638035222325e-05	0.000632587401323769	"gene-adipor1a"
52.1586655345435	1.31961491592009	0.326418557410946	4.04270800773975	5.28374033608467e-05	0.000638932970052592	"gene-LOC119031487"
38.8174832607485	1.09104562444486	0.270021680199872	4.04058527314274	5.33179736317404e-05	0.000644054835019825	"gene-dpagt1"
42.1639071753846	1.31331207533418	0.325080311403915	4.03996190868162	5.34598832249488e-05	0.000644054835019825	"gene-fgd5a"
165.581256126228	0.755064235550504	0.186892094904992	4.04010793465794	5.34266081910931e-05	0.000644054835019825	"gene-narf"
703.035735384776	-0.672943642518261	0.166566637508031	-4.04008661389839	5.34314653426114e-05	0.000644054835019825	"gene-trim36"
1184.75027872096	-0.636133155962203	0.157541671805884	-4.03787232082961	5.3938195162095e-05	0.000649213350877595	"gene-mycb"
3296.59469393591	-0.891858209616261	0.221048226665622	-4.03467706151458	5.46774459809183e-05	0.000657500095542129	"gene-atxn2"
62.9663576147705	0.841386865965172	0.208595276875938	4.03358541270129	5.49322008463283e-05	0.000659950772876436	"gene-git2a"
817.475898885872	-0.670733845898549	0.166305567746296	-4.03314125310448	5.50361745600332e-05	0.000660186396919114	"gene-g18286"
20.6319038887503	1.21025272792551	0.300082535544311	4.03306618870795	5.5053764857744e-05	0.000660186396919114	"gene-rps6ka3b"
97.3642899688625	0.631507981070517	0.156702640174785	4.0299766511026	5.57823935251157e-05	0.00066707089431558	"gene-cdkn2aip"
6219.22550226266	-0.687419991456788	0.170567025858958	-4.03020447823964	5.5728352896248e-05	0.00066707089431558	"gene-lmnl3"
32.3278564248324	1.13251232325333	0.28102153132199	4.0299841721228	5.57806087460023e-05	0.00066707089431558	"gene-zfhx4"
1481.31635782624	-0.590804054576598	0.146676057360406	-4.02795156352548	5.62649311355065e-05	0.000671385915283599	"gene-epc2"
237.22773277038	-0.558916477125598	0.138761491552409	-4.02789326399321	5.62788811216276e-05	0.000671385915283599	"gene-gba1"
14.6511934950684	2.01409971692735	0.500048311555212	4.02781025429974	5.62987494400424e-05	0.000671385915283599	"gene-prkaa2"
26.2939453165109	1.92494522866149	0.477948796897741	4.02751349340323	5.63698333243983e-05	0.000671615189865945	"gene-g21955"
149.78181879504	-0.877298514784137	0.217859462064147	-4.02690113374936	5.65167821749038e-05	0.000672747101054393	"gene-srfa_ChrAur2"
297.6634336979	-0.380324330735529	0.0944554745399686	-4.02649325079189	5.66148637132806e-05	0.000673209383141891	"gene-gatb"
14.5486953400546	1.80994614018895	0.449530030766566	4.02630751298754	5.66595805439473e-05	0.000673209383141891	"gene-pcdh18a"
205.942363977053	-0.794076471314024	0.197254408582105	-4.02564625562474	5.68190515913448e-05	0.000674485368615496	"gene-tec"
107.231923414881	0.715694856125805	0.177865146259218	4.02380607543403	5.72650763631038e-05	0.000678153297584017	"gene-dgat1a"
162.432395354018	-0.64910909459808	0.161320495414038	-4.0237236622173	5.72851291450015e-05	0.000678153297584017	"gene-g14245"
116.159554036789	-0.791032758505724	0.196573533731204	-4.02410611179929	5.71921276709744e-05	0.000678153297584017	"gene-g2916"
105.148506233046	1.16884146553857	0.290588004738826	4.02233212134512	5.76247247102977e-05	0.000680980508420404	"gene-ets1"
81.8418077543208	1.0454268394995	0.259920684281734	4.0220994430991	5.7681693902956e-05	0.000680980508420404	"gene-lamc3"
366.444326190345	-0.521750020721812	0.129719696029228	-4.02213416075421	5.76731902103497e-05	0.000680980508420404	"gene-sumo2b_ChrAur1"
84.6533305824176	0.743939727875704	0.184982476749065	4.0216767606852	5.77853204134333e-05	0.000681056739956987	"gene-g5956"
17195.5436273979	-0.588751843077962	0.146395807964694	-4.02164413901764	5.77933253967052e-05	0.000681056739956987	"gene-zp3f.2"
529.696958923094	-0.393312259382379	0.0978099706749558	-4.02118778554226	5.79054194815234e-05	0.000681757352459282	"gene-afg2b"
3178.22795085136	-0.556487902558182	0.138404594424058	-4.02073287287818	5.80173645763181e-05	0.000682454939716527	"gene-zp3b_ChrAur1"
6138.18384359976	-0.730983789120693	0.18181986393617	-4.02037364507826	5.81059082998456e-05	0.000682699365892008	"gene-alyref"
122.41264880542	0.668489709703637	0.166284987783694	4.02014468421658	5.81624101375409e-05	0.000682699365892008	"gene-cant1a_ChrAur1"
76.6520044475486	0.656566835205975	0.163324778228036	4.02000751098078	5.8196285996817e-05	0.000682699365892008	"gene-wdfy1"
87.2196187719908	0.90575706219566	0.225329082040194	4.01970777138342	5.82703737573971e-05	0.000682949873784661	"gene-sort1a"
3458.51301829253	-0.682407731192864	0.16977654342348	-4.01944648790916	5.83350290356304e-05	0.000683089476528435	"gene-dck"
327.694640099561	-1.01612199471021	0.252975742476737	-4.01667758640398	5.90243889103053e-05	0.000690537362942515	"gene-nupr1b"
407.795498711254	-0.692328334220973	0.172417798896501	-4.01541104602874	5.93422782427163e-05	0.000693629824477815	"gene-psip1a"
505.62220135667	0.604925577717531	0.150662846986622	4.01509456257151	5.94219653191982e-05	0.000693934961991826	"gene-rdh14b"
55104.5620724008	-0.723234329813722	0.180198541123315	-4.01354153760209	5.98144708557078e-05	0.000697889380227271	"gene-LOC119012465"
2464.86162849479	-0.294031011958817	0.0732722039697909	-4.01285884726549	5.99877870600707e-05	0.000699281575351013	"gene-ywhabl"
627.489196882504	-0.45703117342238	0.113898960036993	-4.01260181193879	6.00531643632675e-05	0.000699414147184063	"gene-pex1"
129.976649458047	0.796419948441444	0.198540498209389	4.01137277091702	6.03667063720356e-05	0.000702434154738754	"gene-LOC119017747"
51.6890786227285	1.42978433153923	0.356523323801577	4.01035286077097	6.06280730000729e-05	0.000704842166448783	"gene-nr2f1a"
4170.57270253923	-0.347553593084722	0.086714224231737	-4.00803439301852	6.12262055162464e-05	0.00071115747770485	"gene-cct7"
649.461986702606	-0.416197731329521	0.103858417615414	-4.00735675437204	6.14020792797509e-05	0.000712561226480335	"gene-tsen54"
482.414725871393	-0.359604457797223	0.089802601032957	-4.00438799835263	6.21782410766108e-05	0.000720277638804281	"gene-plk4"
1859.48479714775	-0.404938367561736	0.101119409364431	-4.00455629742013	6.21339931765996e-05	0.000720277638804281	"gene-prpf19"
205.758855960297	0.430364017628381	0.107518904918165	4.00268229997264	6.26283766518687e-05	0.000724843705110234	"gene-csgalnact2"
1028.04090828715	-0.43973039359342	0.109874181964853	-4.00212666642725	6.27756738470728e-05	0.000725899778565571	"gene-akirin2_ChrAur1"
269.361334698114	-0.642730374847186	0.160629357803771	-4.00132568314419	6.29885899521982e-05	0.000727712068216698	"gene-g2557"
212.269737393503	1.4514373062105	0.362788325174759	4.00078284082412	6.31332758829007e-05	0.000728733561461183	"gene-g21998"
134.423878811218	0.723845202949824	0.18095673321388	4.00010096388225	6.33154650841433e-05	0.000730185742034497	"gene-vps37a"
765.911256901379	0.588329780092596	0.14712476428818	3.99884943190262	6.36511549244508e-05	0.000733404010165981	"gene-emc1"
103.37075806456	1.07550114705591	0.269121845576026	3.99633535788933	6.43305856117346e-05	0.000740573701562289	"gene-cab39"
393.677038597583	-0.590367420666032	0.147745718406362	-3.99583437702254	6.44667938473886e-05	0.000741482635095497	"gene-hmg20a"
186.751248090898	0.659616117060948	0.165131539084704	3.99448900383954	6.48339301960767e-05	0.000745043682315341	"gene-dlgap4a"
588.291634611982	-0.558922889749687	0.139987033115124	-3.99267615944138	6.53317645686848e-05	0.000749362726541787	"gene-atp5if1b"
9687.46266705112	-0.458640621146922	0.11486574241161	-3.99284078540518	6.52864068734226e-05	0.000749362726541787	"gene-mcm7"
19.6864541869074	1.64973080542759	0.41320860080439	3.99248902906685	6.53833588906045e-05	0.000749362726541787	"gene-smad6b"
537.762194569817	-0.625977580863526	0.156813643824567	-3.99185661142999	6.55580103374738e-05	0.000750700081238393	"gene-arglu1a"
46.2231724805376	0.923596124432099	0.231419593997743	3.99100226768657	6.5794651170131e-05	0.000752744282070995	"gene-alg8"
3066.84999542139	-0.368102805313511	0.0922669879833603	-3.98953963231027	6.62016577162268e-05	0.00075673227633085	"gene-nop53"
29.8899085056931	1.76949132239417	0.443603603903836	3.98890204412712	6.63798236493989e-05	0.000757431802716622	"gene-litaf_ChrAur1"
584.096885055836	0.888900541250064	0.222834633257522	3.9890591882223	6.63358696353702e-05	0.000757431802716622	"gene-lonrf2"
3450.39198048483	-0.81598814975558	0.204596858445065	-3.98827311405017	6.6556014682039e-05	0.000758773720199901	"gene-myh9a"
366.107628333423	0.573682597767314	0.143881382980571	3.98719129524063	6.68601155873149e-05	0.000761570234803268	"gene-ppp1cb_ChrAur3"
11283.0603346193	-0.379763975388874	0.095275568957968	-3.98595337233212	6.72097106676183e-05	0.000763537686716074	"gene-cdc20"
244.251220875233	0.667967189220764	0.167579639762866	3.98596864252706	6.72053877772924e-05	0.000763537686716074	"gene-fam53b_ChrAur2"
86.672315040103	0.829626400712125	0.208125367967814	3.98618586870401	6.71439209821531e-05	0.000763537686716074	"gene-g17209"
1338.42516623232	-0.738775495395394	0.18537320193317	-3.98534139611903	6.73831737919953e-05	0.000764837409097398	"gene-kdm6a_ChrAur2"
370.213015271773	0.447044296556674	0.112202643703777	3.98425814044902	6.76912589870405e-05	0.000767262374784957	"gene-osbpl9"
235.906159338976	-0.50246627756	0.126115552052297	-3.98417379445511	6.77153034035369e-05	0.000767262374784957	"gene-stk25b"
189.696205382937	-0.456660808928182	0.11469147213456	-3.98164571810893	6.84397418340995e-05	0.000773549916032217	"gene-g20072"
7464.39884912368	-0.687395614867565	0.17264253372886	-3.98161217876436	6.84494018819335e-05	0.000773549916032217	"gene-hmgb2a"
6805.38613524025	-0.595261379021566	0.149499218256298	-3.9817022855669	6.84234521199941e-05	0.000773549916032217	"gene-nasp_ChrAur2"
91.1700441356364	0.888338267585564	0.22314139814493	3.98105539792571	6.86099552576325e-05	0.000774688343976982	"gene-arfip1"
423.19448547016	-0.734924048552347	0.184737235647267	-3.97821287071543	6.94351948822992e-05	0.000783274303373749	"gene-g591"
686.932018952699	-0.938954205486724	0.236047803332199	-3.97781378276712	6.95518067237906e-05	0.000783274303373749	"gene-katnal2"
81.6740537516009	0.794982155896847	0.19985130795751	3.97786816619618	6.95359052147392e-05	0.000783274303373749	"gene-suox"
33.827753384887	1.07943955022444	0.271408611719345	3.97717501808917	6.9738836801262e-05	0.000784425142179804	"gene-herpud2"
22.2680814365597	1.22609603658505	0.308292743264731	3.97705123903031	6.97751342592182e-05	0.000784425142179804	"gene-shisa10.1"
444.797119291328	-0.482112745114795	0.121232396151434	-3.97676496068409	6.98591521310087e-05	0.000784688533606846	"gene-dhx8_ChrAur2"
755.226928618008	-0.346319266346331	0.0871184175670255	-3.97527039652535	7.02993379374004e-05	0.000788948635725539	"gene-srpk1a"
67.0666695372865	1.03082654222533	0.259369942036406	3.97434850828103	7.05721637016076e-05	0.000791324755064519	"gene-pgrmc1"
126.728864300344	1.00176755457785	0.252126667217613	3.97327091827704	7.08923378854407e-05	0.00079391998922499	"gene-amacr"
111.186086429341	0.574996095984256	0.144720199093001	3.97315716526031	7.09262163179147e-05	0.00079391998922499	"gene-ube2g1a"
144.866959673736	-0.787135514203213	0.198127039784896	-3.97288282840038	7.10079835675439e-05	0.000794148873215251	"gene-fbxl13"
351.087801343661	0.535116157077848	0.134736110131513	3.97158680442482	7.1395476115948e-05	0.000797793624829718	"gene-afdna"
47.4013725357521	0.952712586361266	0.239911171837554	3.97110555154287	7.15398724314554e-05	0.000798718006775672	"gene-g2708"
959.927787657634	-0.689516562288751	0.173722077339031	-3.96907850084656	7.21511115642879e-05	0.000804848446054344	"gene-cpsf6"
5246.21543162411	-0.659506957969012	0.16617220424627	-3.96881633098885	7.22305263666798e-05	0.000805040918222779	"gene-slbp2"
30.9159626215406	1.07059347564004	0.269798764807784	3.96811852123478	7.24423054934047e-05	0.000806707049393881	"gene-bmp7b"
1818.42951417064	-0.657813259269773	0.165816450784654	-3.96711699084717	7.27472877836604e-05	0.000809407323098098	"gene-chtopa"
167.568579619226	0.636792407617302	0.160564671885197	3.96595589889541	7.31023791934667e-05	0.000812660011102649	"gene-avpr2l"
46.2270507686783	1.69945338479306	0.428640475031156	3.96475247623206	7.34721461255186e-05	0.000815600984780898	"gene-itga6a"
386.073281861771	0.841417228435072	0.212228007086828	3.96468515152586	7.34928846605906e-05	0.000815600984780898	"gene-slc5a6b"
107.761939331667	0.732085548760912	0.184661492837281	3.96447325055478	7.35581942502695e-05	0.000815626861074692	"gene-trnau1apb"
236.778312858286	0.68654271612237	0.17320513519735	3.96375497377791	7.37799815633304e-05	0.000816932274277609	"gene-eml2"
251.37798645446	0.712808754597893	0.179834931920412	3.96368351235207	7.3802081762397e-05	0.000816932274277609	"gene-ptpn2a"
17.0674579454489	1.97887479606641	0.499346299715866	3.96293073002126	7.40352682995459e-05	0.000818813629160904	"gene-mtss1lb"
54.7520881169706	1.50614199624357	0.380121108813739	3.9622687646678	7.42408984223115e-05	0.000818989672459417	"gene-dclre1c"
156.942731047215	-0.879920177630645	0.222073535348265	-3.96229193294337	7.42336924147905e-05	0.000818989672459417	"gene-LOC119009727"
437.988298175013	-0.592669550982952	0.149575807824029	-3.9623356183388	7.42201067857633e-05	0.000818989672459417	"gene-sh2d3a"
95.509955262686	-0.625352500587739	0.157843886000966	-3.96184176930306	7.43738249066968e-05	0.000819757792652451	"gene-osbpl3b_ChrAur1"
52.0749487675578	1.76749641794395	0.446232089955596	3.96093525707628	7.46567746994696e-05	0.000821520502698999	"gene-flrt2"
767.279633916816	0.446846095625446	0.112813629179926	3.96092297423367	7.46606155259611e-05	0.000821520502698999	"gene-LOC119030345"
190.249617782172	-0.663030984501933	0.167439942682671	-3.95981373308575	7.50082450549424e-05	0.000824644975981798	"gene-gra"
50.7223953587302	1.58648382822835	0.400697322662103	3.95930728383277	7.51674716796805e-05	0.000825694593489009	"gene-c1qa"
135.28382187218	-0.568582437533448	0.143628304042963	-3.95870745200312	7.53564710736836e-05	0.00082706920074176	"gene-nucks1a_ChrAur1"
5086.24212858097	-0.562185397171798	0.142062663426684	-3.95730576642281	7.57998779232876e-05	0.000830528104047799	"gene-g1469"
22.5387054477074	1.84166002338754	0.465380306253728	3.95732264266348	7.57945246787913e-05	0.000830528104047799	"gene-st6galnac"
155.362004049012	0.628222198813306	0.158853066095072	3.95473763432002	7.66186847659762e-05	0.000837989239321633	"gene-ophn1"
1386.0193749911	-0.511723063126776	0.1294006889146	-3.95456212342498	7.66749477720744e-05	0.000837989239321633	"gene-pwp2h"
489.76695946668	-0.348039006103969	0.0880055132128013	-3.9547409406317	7.66176252461801e-05	0.000837989239321633	"gene-rad17"
164.236720976766	-1.33570198529947	0.337786893368047	-3.95427416375244	7.67673427840408e-05	0.000838291615848324	"gene-bcl6aa"
51.6173437681322	1.31680750937524	0.333082185025099	3.95340119819382	7.70480870840117e-05	0.000840648505328589	"gene-piezo1"
738.037393277002	-0.819240105766685	0.207287453555236	-3.95219339962793	7.74381141694729e-05	0.000844192774923269	"gene-g7128"
124.298709303739	0.70314819967315	0.177941156876954	3.95157709444014	7.76378524536287e-05	0.000845658391191711	"gene-prdm2a_ChrAur1"
172.140900091214	1.5312624595139	0.38755456725015	3.95108866960025	7.7796491885029e-05	0.000846674257481522	"gene-arpc1b"
76.2612818530427	0.973647975024098	0.246464901776661	3.95045285558098	7.80034622174125e-05	0.000848213970762141	"gene-LOC119009467"
102.611468310466	1.15683922449642	0.29286471957808	3.9500805223758	7.81249057885585e-05	0.00084882185811042	"gene-flot2a"
2182.73533823731	-0.525814364868452	0.13314476146327	-3.94919303688495	7.84150973416525e-05	0.00085126062503918	"gene-srsf4"
293.696460144217	-0.520203253349306	0.131742534699753	-3.94863553016399	7.85979126985593e-05	0.000852530625928845	"gene-mrpl52"
31.1738803807468	1.53801354863309	0.389593851683	3.94773567906438	7.88938385553239e-05	0.000855024354083682	"gene-cd34"
67.4389796364466	0.786508942960717	0.199260061509509	3.94714794827655	7.90876885621401e-05	0.000856408574053742	"gene-ralba_ChrAur1"
44.3323761561774	1.82032116295013	0.461260490965443	3.94640598664779	7.93330512743693e-05	0.000858347825442236	"gene-clu"
191.250271619077	-0.9365461357762	0.23732924748091	-3.94618929490151	7.94048457290106e-05	0.00085840747665811	"gene-g5318"
161.204605857268	-0.6793833895106	0.172231672656878	-3.94459032435966	7.9936519661667e-05	0.000863434417129482	"gene-det1"
707.858329216129	-0.480505349588857	0.121836043234061	-3.94386863553793	8.01775891434625e-05	0.000865316630830819	"gene-ldb1a_ChrAur1"
150.724121276086	-0.765484412575631	0.194110997134809	-3.9435396441965	8.02877117393389e-05	0.000865783642578	"gene-mettl21a"
99.9242402160599	-0.533642511446346	0.135337687141181	-3.94304441518689	8.04537483583616e-05	0.000866852325282148	"gene-uck1"
51.5910786429889	1.20859708443572	0.306604256306068	3.94187966924125	8.08455358348902e-05	0.00087034957156913	"gene-tox3"
86.9920915534151	0.76447321198308	0.193994744070023	3.9406903297707	8.12474563817667e-05	0.000873950006312508	"gene-itgb5"
38.835908503448	2.05794322491267	0.522593498752462	3.93794264533601	8.21832314267506e-05	0.000883282182745101	"gene-hspb1"
238.73904132456	-0.497610962657027	0.126380862480695	-3.93739172917132	8.23720780781328e-05	0.000884577763839053	"gene-g15554"
695.813995511238	-0.650355697934065	0.165213425233612	-3.93645793018612	8.26931088855077e-05	0.000887289522101251	"gene-g7995"
239.285230493575	-0.762303239894713	0.193684402378869	-3.93580087261524	8.2919707106189e-05	0.000888984376433985	"gene-tbp"
234.296359936363	-0.552099494896163	0.140283881091595	-3.93558754291722	8.29934038305261e-05	0.000889038521926504	"gene-nap1l4b"
655.430993653106	-0.576606894769376	0.14659763398219	-3.93326194363702	8.38008296599892e-05	0.00089694590489795	"gene-zmynd8_ChrAur2"
931.228272281614	-0.402959692551541	0.102457444739506	-3.93294692812271	8.39107692049878e-05	0.000897380984288849	"gene-spata20"
632.541183728763	-0.551783497792422	0.140308396247018	-3.93264774276935	8.40153102564952e-05	0.000897757659349727	"gene-trmt10a"
464.69239545571	-0.636356064264673	0.161852207215834	-3.93171075767954	8.43435075712385e-05	0.000900521654208664	"gene-csnk2a2b_ChrAur1"
26.5144222539089	-1.04830818980322	0.266742141484314	-3.93004338935646	8.49305341658891e-05	0.000906042296525889	"gene-sytl2a"
113.345327080465	-0.690696599261813	0.17579138991157	-3.92906956142313	8.5275171300078e-05	0.000908970159265276	"gene-g22200"
1676.72524577316	-0.442244053127312	0.112615043443708	-3.92704242349622	8.59968172510578e-05	0.000915908536363857	"gene-tlk2_ChrAur1"
32.2905213727249	1.13102457300626	0.288051155417791	3.92647122475802	8.62011994461625e-05	0.000917330923604972	"gene-usp45"
39.4559172082188	1.83586778828226	0.467637754823492	3.92583312477668	8.64300624762681e-05	0.000919011280074013	"gene-marcksl1b"
28.7303590960654	1.28386000711877	0.327129832599295	3.92461915477878	8.68670549379168e-05	0.00092138839353068	"gene-g10797"
95.805298435165	0.718754070972036	0.183137250366127	3.92467436054166	8.68471373095008e-05	0.00092138839353068	"gene-pigw"
77.7140930928103	0.634540083718932	0.161671833078071	3.92486478094494	8.67784688401044e-05	0.00092138839353068	"gene-yod1"
1017.23446467712	-0.370411371110694	0.0943881149439768	-3.92434334905987	8.69666272489754e-05	0.00092168968044311	"gene-mpp6a"
14.0129804786595	1.834230290439	0.467611306046966	3.92255334017687	8.76154880768827e-05	0.000927807184042279	"gene-leprot"
18.4921500084415	1.88014377520215	0.479684678887643	3.91954101924223	8.87177614221616e-05	0.000937945900553808	"gene-cav1"
765.153527977128	0.342618943725726	0.0874090534315823	3.91971918554071	8.86522036841437e-05	0.000937945900553808	"gene-tufm"
294.246541064082	-0.59004683377051	0.150574993255594	-3.91862434135349	8.9055785133785e-05	0.000940751609516844	"gene-trmt61b"
149.076205741394	1.58332952291667	0.404213337226332	3.91706402807315	8.96339480870083e-05	0.000946087417827909	"gene-ahnak"
1968.75416100335	-0.363817574539014	0.0929091582958296	-3.91584189559217	9.00892749151281e-05	0.000950119054907023	"gene-atp6v0a1a"
5361.64171617124	-0.355079087385338	0.0906947408952035	-3.91510118316151	9.03663027625381e-05	0.0009522652457914	"gene-prmt1"
510.988308420683	-0.752860384554692	0.192349800054829	-3.91401698540934	9.07732460403914e-05	0.000955775861357	"gene-gnai1_ChrAur2"
50.4406702624195	0.660851249966754	0.168858310040377	3.9136436329887	9.09137805341641e-05	0.000956477962386644	"gene-derl2"
1077.33623309321	-0.459329458286253	0.117424197290208	-3.91171043861635	9.16447519748686e-05	0.000963385700346204	"gene-gpkow"
16.0367251907122	1.8395335859326	0.470336839807043	3.91109823905623	9.18773892558668e-05	0.000965047906125491	"gene-tgfb1a"
203.921258089358	1.03038108920245	0.263698988023064	3.90741389235947	9.32892714921093e-05	0.00097908375615422	"gene-c13h5orf15"
371.441834189175	-1.48932325894529	0.381273331660943	-3.90618261302816	9.3765661826431e-05	0.00098328670956608	"gene-LOC119024141"
78.1550010805012	1.09678492706474	0.280860385423859	3.90508944652174	9.41905398196828e-05	0.000986686663854257	"gene-dock8"
76.5793064628935	0.756070717611798	0.193618207009876	3.90495671501199	9.42422518097225e-05	0.000986686663854257	"gene-tpgs2"
499.760534558112	-0.431303662996723	0.110460405567985	-3.90459966880412	9.43814895515861e-05	0.000987346261052174	"gene-zcchc9"
22.4735678719661	1.07934823795479	0.276463893704455	3.90412007691912	9.45688223221496e-05	0.00098850752049569	"gene-mtmr9"
1460.70689473392	-0.928651172117149	0.237920081674916	-3.90320634382608	9.49267066042255e-05	0.000990649296721454	"gene-abcc4_ChrAur3"
73.983780424582	1.32354749663329	0.33908046447923	3.9033434104381	9.48729399437634e-05	0.000990649296721454	"gene-col5a1_ChrAur1"
118.600202656482	-0.489425087918598	0.125443105641283	-3.90157024107931	9.55707207166871e-05	0.000996567152980527	"gene-fundc1"
437.218744767652	-0.705484221214079	0.180877177048732	-3.90034957823345	9.60538914165617e-05	0.00100079963615116	"gene-snapc4"
75.1105042034569	1.2989770654209	0.333092675658977	3.89974670818279	9.6293373367038e-05	0.00100248832674961	"gene-plvapa"
169.024778664681	-0.580580795123902	0.148885631246794	-3.89950857085414	9.63881254298565e-05	0.00100266876501371	"gene-coro2aa"
153.739533937987	-1.01859533399225	0.261254410432709	-3.89886368733517	9.66451592436803e-05	0.00100453568006814	"gene-crym"
28.8728469376028	-1.53706273471241	0.394343619150346	-3.89777508768665	9.70805156528043e-05	0.00100825161044063	"gene-LOC119011026"
2559.41348984786	-0.572155680198425	0.146814487036909	-3.89713366675175	9.7337901107358e-05	0.00101011470932804	"gene-LOC119031529"
40.3544061609596	-0.639899085550289	0.164239117275778	-3.89614299056309	9.77366999368498e-05	0.00101344115362862	"gene-g700"
290.999183895027	-0.503850919767882	0.129346126248209	-3.89536922660533	9.80492527053591e-05	0.00101586869742968	"gene-brms1"
369.208990602975	-4.33972591787413	1.11417302178994	-3.89501974379372	9.81907312871525e-05	0.00101652131167059	"gene-g19061"
632.531760009464	-0.452836178691246	0.116345825020617	-3.89215666837209	9.93570478814311e-05	0.00102613487010559	"gene-mier1b"
21.6938829594946	1.10288749744671	0.283358796791638	3.89219431312624	9.93416282338312e-05	0.00102613487010559	"gene-pomgnt2"
15.6262185671875	1.80355574438965	0.463374307507964	3.89222215208522	9.93302265858415e-05	0.00102613487010559	"gene-si:dkey-16j16.4"
3857.48832167774	-0.64393793502992	0.165502706580205	-3.89080002578603	9.99142518631641e-05	0.00103106731145804	"gene-fam113_ChrAur1"
11233.416485006	-0.261645378261806	0.0672589993172897	-3.89011702400613	0.000100195891367489	0.00103315046902894	"gene-tktb"
1992.65910347456	-0.525064695413576	0.134997103523871	-3.88945156383099	0.000100471018159837	0.00103516321096901	"gene-dnttip2"
47.0393247198033	0.984406476826591	0.253234007360785	3.88733917330502	0.000101349093866544	0.00104338005935264	"gene-igf1ra_ChrAur2"
20241.2726970358	-0.770366276057953	0.198193203395042	-3.88694598433048	0.000101513331711403	0.00104424079348243	"gene-ccnb2_ChrAur2"
1225.63009839574	-0.374219010313559	0.0962897380110092	-3.88638517503052	0.000101748020507836	0.00104582429650555	"gene-hectd3"
1156.89059965755	-0.697425903038321	0.179538363685132	-3.88455084876144	0.000102519235824725	0.00105291564089295	"gene-riox2"
185.925645154421	0.706632543143166	0.181931816925794	3.88405148194275	0.000102730140706473	0.00105424568327221	"gene-rnf114"
11.7815784688699	1.82890017125606	0.470938155660747	3.88352514926304	0.000102952877712973	0.00105569494794989	"gene-fat3a_ChrAur1"
493.785983824869	-0.39735111537695	0.102350307927753	-3.88226594938465	0.000103487605449644	0.00106004487940386	"gene-caskb"
30.8467700466399	1.94718261075255	0.501574411840202	3.88214104385553	0.00010354079008925	0.00106004487940386	"gene-cd68"
416.392290061926	0.758187073114095	0.195416522577173	3.87985142256677	0.000104520290663488	0.00106922771278265	"gene-cables1"
6339.63056039334	-0.443516790373764	0.114347736248257	-3.87866699355426	0.000105030415175599	0.0010735981901651	"gene-gtpbp4"
672.02029246735	0.651405180748249	0.16799521452149	3.87752224135481	0.000105525683276955	0.00107781003479483	"gene-homeza"
30.8675407772087	1.72065029527781	0.443910756330716	3.87611759962832	0.000106136401868061	0.00108319349140525	"gene-elmo2"
77.9840865172549	0.939939808179416	0.24257246424911	3.87488254732056	0.00010667613942203	0.00108784463122419	"gene-grb10b"
309.160659152582	-0.520706896715633	0.134403997764378	-3.87419202833891	0.000106979034985024	0.00108956436612292	"gene-dcaf15"
735.564541894772	-0.60748394280849	0.156805877463342	-3.87411462271563	0.000107013039433894	0.00108956436612292	"gene-wdr3"
260.977592392408	0.565574303226954	0.146022015194924	3.87321255957172	0.000107410070335101	0.00109274769906512	"gene-spg7"
1688.58582404256	-0.688305934553975	0.177733412695226	-3.87268732488848	0.000107641885102915	0.00109424651017885	"gene-h2ax"
28.0802879740965	1.22934480861444	0.317575678160348	3.87102946842715	0.00010837668819787	0.00110085214811813	"gene-g7902"
84.9791602406939	1.28027884961699	0.330810755981437	3.8701246149591	0.000108779735569418	0.00110397653318145	"gene-anxa11b_ChrAur2"
2280.19424850197	-0.86795261073153	0.224279679868681	-3.86995652588646	0.000108854762788411	0.00110397653318145	"gene-LOC119009792"
128.438173888694	1.07740748237766	0.278451129312342	3.86928753005386	0.000109153855829161	0.0011061436516772	"gene-tbc1d7"
3979.53771266193	-0.494508315277525	0.127821964823343	-3.86872722509752	0.000109404952062551	0.00110782137151063	"gene-parn"
341.381991085364	-0.542381583665353	0.140203311272534	-3.86853619035463	0.000109490687274346	0.00110782335225786	"gene-ppp1r8a"
501.678967457062	-0.335084947780496	0.086666276160125	-3.86638220340045	0.00011046178014293	0.00111677635802583	"gene-golga5"
2331.34131543506	-0.679744616648006	0.175994922619256	-3.86229674431321	0.000112326009841001	0.0011347380292128	"gene-gjc4b_ChrAur1"
1231.75444855822	-0.710493556334066	0.184133321186446	-3.85858220422065	0.000114046708361776	0.00115122285268384	"gene-zmym2"
51.7109560886408	0.999454829528538	0.259039784412239	3.85830628988632	0.000114175508051054	0.00115162539312243	"gene-g895"
2921.05984283582	-0.385453335952266	0.0999090379997712	-3.85804271234349	0.000114298676919858	0.0011519705562561	"gene-hspa4a_ChrAur2"
49.501448045513	-1.14822798842008	0.297658590549551	-3.85753351280798	0.000114536979085047	0.00115347466262087	"gene-nos1"
83.0536202799048	1.45906023371595	0.378274581049118	3.857145858623	0.000114718712880524	0.00115440718765786	"gene-ehd2b"
625.738783359854	-0.4284888610155	0.111104587910272	-3.85662616706294	0.000114962773029304	0.00115596496389947	"gene-g16721"
32.7820542712163	1.04802911350643	0.271828015161253	3.85548602444351	0.000115499929273147	0.00116006625145158	"gene-gpat4"
1090.82239481979	-0.347369041289248	0.0900998093735526	-3.85538042426994	0.000115549800353064	0.00116006625145158	"gene-serpine2"
2589.34684519391	-1.00756271935579	0.261371223061788	-3.8549106804983	0.000115771889267705	0.00116139561417975	"gene-LOC119007006"
62.2211236204463	0.751540626016796	0.194989463628973	3.85426274850847	0.000116078883983734	0.00116357401429825	"gene-stub1_ChrAur1"
313.759163911526	-0.572799674491587	0.148694738363328	-3.85218522724039	0.000117068413535805	0.00117258547850133	"gene-bmp1a_ChrAur2"
964.69837288417	0.535128127933996	0.139002720219707	3.84976730734603	0.000118230091885271	0.00118056894372101	"gene-hk1_ChrAur1"
35.5350119720724	1.61120951064259	0.418507268009381	3.84989612798427	0.000118167927463159	0.00118056894372101	"gene-pltp"
714.549545933451	-0.608607678444877	0.158075925416461	-3.85009720386872	0.000118070956735408	0.00118056894372101	"gene-tdrd5"
83.4484726021605	0.722203088287712	0.18757752026271	3.85015798948743	0.000118041657075762	0.00118056894372101	"gene-znf513a"
34.123915841765	1.47530926894185	0.383246959965702	3.84950025193646	0.000118359061910148	0.00118094623328069	"gene-g1682"
502.565995813073	-0.657742506434821	0.170899674944868	-3.84870542701154	0.000118743694984326	0.00118387189664511	"gene-patj"
82.2482755748805	-0.776657627589166	0.201819089090096	-3.84828626018846	0.000118947013315526	0.00118498674573029	"gene-atp5mf_ChrAur2"
4158.0672481061	-0.851802535380521	0.221420614869137	-3.84698839303626	0.000119578632047924	0.00119010900480662	"gene-rrm2_ChrAur1"
10560.484645153	-0.384480093066872	0.0999466697072111	-3.84685246835325	0.00011964496365209	0.00119010900480662	"gene-vldlr"
243.075956066601	-0.487601314833065	0.126782659817042	-3.84596218076441	0.000120080284905786	0.00119338152844188	"gene-cdc123"
23.4891085833658	1.75589871875423	0.456575309640474	3.84580305084148	0.000120158251338755	0.00119338152844188	"gene-rnf213a_ChrAur2"
36.3833019979805	0.855869719692002	0.222604207128879	3.84480478033592	0.000120648448502127	0.00119733184410042	"gene-rbm18"
21.9022787850176	1.72230606482823	0.448101733868867	3.84356036732552	0.000121262153409038	0.00120055320444956	"gene-eng"
139.318002509754	-0.537407656982513	0.139815210618658	-3.84369951312578	0.000121193385260198	0.00120055320444956	"gene-fbxo45"
47.7560661452121	1.16382445098081	0.302811550787585	3.84339516756812	0.000121343845619989	0.00120055320444956	"gene-nfat5b"
32.1453686126937	-1.31065185196852	0.340973449768692	-3.84385310016846	0.000121117522702499	0.00120055320444956	"gene-otofa"
535.41142626798	-0.463269580149288	0.120567451872915	-3.84240997842106	0.000121832105614973	0.00120446381665612	"gene-ccdc97"
103.50055665465	-0.970105913026436	0.252492848661326	-3.842112432767	0.000121979933116435	0.00120500542623261	"gene-hdx"
83.7060726471277	0.600280252442068	0.156275376678202	3.8411697684028	0.000122449387699243	0.00120872105190007	"gene-mib1"
5083.79757226179	-0.597641609945434	0.155617886392686	-3.840442919507	0.000122812526870572	0.00120952035682812	"gene-g3bp1"
578.958535385891	-0.935613805416051	0.243616312618067	-3.84052198870144	0.000122772974147712	0.00120952035682812	"gene-gdf3"
321.094030214738	-0.640850946541008	0.166876955763726	-3.84026029003285	0.000122903929394317	0.00120952035682812	"gene-pik3r3b"
378.967306924635	-0.405014295663951	0.105464570622147	-3.84028772197837	0.000122890196143829	0.00120952035682812	"gene-uba5"
425.91077763346	-0.851594714459146	0.221788312671303	-3.8396735346521	0.000123198023318021	0.00121149400151229	"gene-ugp2a"
895.080081473422	-0.466645198571895	0.121565637033027	-3.83862750988685	0.0001237239587787	0.00121574278463046	"gene-ints7"
445.035415662888	-0.377573312008292	0.0984164343270188	-3.83648640179027	0.000124807103241958	0.00122545625025519	"gene-wdr48b"
166.120621257713	-0.68209603709261	0.177850472785831	-3.83522195026153	0.000125450955922542	0.00123084494708548	"gene-bcl7a"
75.8498441002678	0.889182957321539	0.231986449819663	3.83290902556057	0.000126636795141172	0.00124083415938009	"gene-pacsin2"
23.320956733945	1.46507989535057	0.382252243843135	3.83275682209414	0.00012671519938444	0.00124083415938009	"gene-pros1"
154.689209139165	0.725723794965911	0.189351688049059	3.83267665814463	0.000126756512459258	0.00124083415938009	"gene-rtn4ip1_ChrAur1"
178.661531924387	0.516015406951846	0.134719798051763	3.83028637523329	0.000127994210961665	0.00125105888767134	"gene-aak1a"
556.198596079582	-0.493944384604929	0.128953668172706	-3.83040196998039	0.000127934094349712	0.00125105888767134	"gene-mettl3"
45.6853872926381	1.34037697517031	0.350105654294674	3.82849279561237	0.000128930404427647	0.00125925917627636	"gene-fgfr2"
218.978071674382	-0.753595317337217	0.196878305382865	-3.82772147429711	0.000129334991585759	0.0012613083403819	"gene-sumo3b_ChrAur2"
131.522245068585	0.796427692276392	0.208066206164072	3.82776091783192	0.00012931427296715	0.0012613083403819	"gene-tmem115"
406.49835833505	0.657761623094134	0.171860147574292	3.8273074495633	0.000129552656384992	0.00126248040093456	"gene-tlcd3a_ChrAur1"
12350.2112694793	-0.490506093168738	0.128189520175641	-3.82641336434261	0.000130023881150556	0.00126486092507191	"gene-ccnp"
18.5505362212615	2.12297488624448	0.554786859390593	3.82664955074182	0.000129899243120026	0.00126486092507191	"gene-LOC119017761"
9108.00066986241	-0.585318324622316	0.152972876544994	-3.82628827960986	0.000130089935309689	0.00126486092507191	"gene-rps9"
14.6079314534326	1.41760882377244	0.370518004254759	3.82601872916742	0.000130232385755617	0.00126529604495199	"gene-mgat1b"
311.777694452012	1.54365889390934	0.403570213221875	3.82500700828646	0.0001307683664572	0.00126920678418861	"gene-mibp2"
234.024195400448	-0.435313994005586	0.113810876515496	-3.82488921387328	0.000130830905481569	0.00126920678418861	"gene-vps33b"
444.43885345183	0.371434384503282	0.0971749427683395	3.82232676368808	0.000132198348424813	0.00128082906723076	"gene-armt1"
35.1867855014484	1.12196020318248	0.293532136189177	3.82227383259798	0.000132226736382328	0.00128082906723076	"gene-LOC119022736"
327.719826411845	-0.547795403106275	0.143351011002185	-3.82135709596025	0.000132719311963152	0.00128368021600805	"gene-cwf19l2"
17.9427065211698	1.94266308360104	0.508352665574929	3.82148696201674	0.000132649428128491	0.00128368021600805	"gene-slco2b1"
189.293860169364	-0.534114090505127	0.139781649139053	-3.82106015914719	0.000132879230678036	0.00128426784814272	"gene-abt1"
510.8684134891	0.697013474164994	0.182452385200953	3.82024862759291	0.000133317216952377	0.00128754010197631	"gene-myo1cb"
1628.92329473079	-0.31974906750742	0.0837436129820339	-3.81819049980585	0.000134434102459761	0.00129735921084677	"gene-gpn1"
26.9812054600508	1.30864212428627	0.343018190413752	3.81508083494866	0.000136138361509365	0.00131185113088377	"gene-ap4e1"
1277.63647307469	-0.39848052345548	0.104445295068566	-3.81520798226368	0.000136068280848181	0.00131185113088377	"gene-ppp2r2ab_ChrAur1"
432.88282675772	-0.437878177332031	0.114795699256009	-3.81441273645198	0.000136507161059423	0.00131345040332882	"gene-g15490"
12.138839253599	-1.51766033483255	0.397866627370928	-3.81449518614098	0.000136461596842322	0.00131345040332882	"gene-ppp4r4"
131.678193300032	0.622385323975121	0.163198195221476	3.81367773786029	0.000136913977581819	0.00131638672877664	"gene-cnksr3"
43.6298760580409	1.12475896497113	0.295040083970511	3.81222425724212	0.000137721833600974	0.00132317171139927	"gene-glg1a_ChrAur2"
203.091730067457	0.633377490746925	0.166157117337693	3.8119191094274	0.000137892006507441	0.00132382459323785	"gene-rab11fip5a"
15.4767251565937	2.1084772218406	0.55332151430015	3.81058239621758	0.000138639793250318	0.00133001774991472	"gene-slc44a2_ChrAur1"
18147.3462321859	-0.601092357110878	0.157870181979115	-3.80751038337561	0.000140372847014574	0.00134564673699907	"gene-ubc"
71.5725501454256	0.819335084846404	0.215230995958417	3.80677086586869	0.000140793077074007	0.00134820190906193	"gene-bbs9"
21.1173970133919	1.3982782050735	0.367340350231986	3.80649227396458	0.000140951693681557	0.00134820190906193	"gene-LOC119029399"
1038.73037800159	-0.537390206034251	0.14117441790133	-3.80656930641532	0.000140907818344125	0.00134820190906193	"gene-prdm4"
159.392264449045	0.514441504953222	0.1351603422658	3.80615716362677	0.000141142712108817	0.00134903266754339	"gene-arl4d_ChrAur2"
718.885072465055	-0.513303107079117	0.134868929526947	-3.80594039620191	0.000141266402957799	0.00134921916276287	"gene-pak2b"
43.1383715737455	1.33633358039937	0.351169952230233	3.80537563624819	0.000141589143400589	0.00135130508193149	"gene-abat"
2348.20729085476	-0.300779286869954	0.0790500630716486	-3.80492152925086	0.00014184915312216	0.00135179424730323	"gene-copg2"
59.4268557179601	1.71717406182959	0.451292492800121	3.8050135759518	0.000141796413292026	0.00135179424730323	"gene-pgr"
1945.31236695396	-0.591560316617566	0.15552835214417	-3.80355291149235	0.000142635510318504	0.00135828859862864	"gene-acin1a"
127.450606204731	0.556350084013261	0.146280292857241	3.80331535537886	0.000142772418736046	0.00135859338357865	"gene-rhocb_ChrAur2"
1348.0156700813	-0.540942418079177	0.142265531012927	-3.80234350673478	0.000143333804716766	0.00136176904431352	"gene-arhgap4a"
87.5311867744397	-1.30237657290017	0.342549455698185	-3.80201034109269	0.000143526735038836	0.00136176904431352	"gene-cmn"
62.8796733127587	0.988947152163527	0.260102937547941	3.8021375747871	0.000143453027413856	0.00136176904431352	"gene-ppp6c_ChrAur1"
29.1407542913965	1.12296905870852	0.29534306687758	3.80225298863708	0.000143386197966123	0.00136176904431352	"gene-rab18b_ChrAur2"
17.5392217141984	1.39183688937046	0.366238971258764	3.80035167908733	0.000144490881744908	0.00136991318409832	"gene-camk1b"
93.4787676792318	-0.724071435101767	0.190596012916494	-3.79898521496883	0.000145289758404345	0.00137547343647271	"gene-LOC119024756"
46.1618085755485	1.24228583144296	0.326993277949562	3.79911733731291	0.000145212334391251	0.00137547343647271	"gene-vwf"
479.988329980519	-0.58311003108687	0.153521525120101	-3.79822979631487	0.000145733182597633	0.00137866358496855	"gene-rnf111"
182.017639418159	-0.463884625493841	0.122190692165492	-3.79639903230571	0.000146813117529386	0.0013878661935205	"gene-ccdc82"
931.988117583862	-0.425357203870568	0.112073493483708	-3.79534170523918	0.000147440243850698	0.00139266484290379	"gene-ccnl1a"
20.3845180608126	-1.85689487599718	0.489277030933644	-3.79518096824172	0.000147535801441125	0.00139266484290379	"gene-g1771"
219.033440213998	0.644537637157345	0.169847814204479	3.7947950062012	0.000147765492715504	0.00139381711300691	"gene-cited4b_ChrAur1"
1033.98838704655	-0.371606657736509	0.0979472316679677	-3.79394753081151	0.000148271018712666	0.00139756765891393	"gene-fip1l1b"
21.3647647982429	1.65563213893105	0.436465189381371	3.79327419278885	0.000148673830715938	0.00140034529571063	"gene-afap1l2"
733.082796747832	-0.310981363718814	0.0820428180552332	-3.79047637673116	0.000150358633198028	0.00141518507161894	"gene-tbrg4"
1735.71926202846	-0.648016170962929	0.171001329914027	-3.78953877895995	0.000150927249993737	0.0014195053120326	"gene-g40"
36.1794132230108	1.62513681865055	0.428888743623453	3.78918039424546	0.00015114513076458	0.00142052292346305	"gene-elovl1b"
211.016539345908	0.743123904185967	0.196146613214299	3.78861450630336	0.000151489766574702	0.00142077969732172	"gene-anxa11b_ChrAur1"
249.854533825242	-0.888716535781312	0.234576802022917	-3.78859515569016	0.000151501564512493	0.00142077969732172	"gene-rbm46"
4611.74183837347	-0.65764315196802	0.173580644285062	-3.78868942834438	0.000151444095270467	0.00142077969732172	"gene-sall4"
22.8938109693757	1.32271719181599	0.349272095012649	3.78706805010598	0.000152435362890012	0.00142850244919576	"gene-slc49a3"
47.3641289970675	1.21703359225917	0.321417075143278	3.78646215891503	0.000152807353856029	0.00143095302949345	"gene-golph3a_ChrAur2"
118.786370978488	0.543075772029396	0.143443053302612	3.78600259493714	0.000153090075946719	0.0014325647207991	"gene-rps6kc1"
108.923614686472	0.68749809974071	0.181657287097429	3.78458861037587	0.000153963045400122	0.00143969343030829	"gene-slc25a43"
274.993441404018	0.540799628765912	0.142962416426892	3.78280979212789	0.000155067912545595	0.00144897874125397	"gene-mfn2"
49.0779029701976	1.17828584686397	0.311516610376744	3.78241739802884	0.000155312640669587	0.00145021918479583	"gene-slc7a3a"
158.498561861743	1.7591751925317	0.465153088621562	3.7819273601834	0.000155618777674593	0.00145200873090937	"gene-anxa1a"
178.262246340137	0.498514899126561	0.131821153630707	3.78175190700527	0.000155728524996766	0.00145200873090937	"gene-pex11a"
25.7663439442723	-0.957845398038812	0.25329948937184	-3.78147386089954	0.000155902594195675	0.0014525859693728	"gene-g20078"
131.427333788057	0.733307143455013	0.193937767544103	3.7811466675167	0.000156107666313076	0.00145345103265324	"gene-erlin2"
725.150551013939	-0.386007251819087	0.10209740062045	-3.78077452974617	0.000156341216413154	0.00145457980874049	"gene-g10154"
43.3930649414212	1.2309906675443	0.325676265475824	3.77979852399063	0.000156955311527008	0.00145819816326132	"gene-gins3"
21.8604748428656	2.20607787062305	0.583626174693319	3.77995019120294	0.000156859734968378	0.00145819816326132	"gene-lmod1b"
424.25917134694	-0.494015216714651	0.130731809460008	-3.77884478731839	0.000157557587609982	0.00146274431335977	"gene-tdp1"
2076.50616359679	-0.519471233329736	0.137512243237327	-3.77763623878348	0.000158323899617728	0.00146785152635945	"gene-cdca9"
300.678032736839	-0.453221370682281	0.119975381658753	-3.77761974511891	0.000158334382080468	0.00146785152635945	"gene-rogdi"
19.1988771009309	1.65910163036293	0.439347874837711	3.77628236161556	0.000159186526193983	0.00147383931472138	"gene-parp3"
3449.38964871478	-0.753361705297807	0.199509418955318	-3.77607087045113	0.000159321677137668	0.00147383931472138	"gene-srrm2"
123.806595994088	0.780432752282285	0.206669831822999	3.7762296770565	0.000159220183548178	0.00147383931472138	"gene-stard13b"
120.518999899635	0.786878360247952	0.208413554216308	3.77556231026734	0.000159647108695322	0.00147579564933128	"gene-kdelr2b_ChrAur1"
156.850829367589	-0.556758805817504	0.147543871094877	-3.77351361114475	0.000160964433282614	0.00148691182271265	"gene-tsc22d2_ChrAur1"
44.8155754358647	1.82888849100609	0.484755294428845	3.7728076661049	0.000161420724383961	0.00149006400676884	"gene-cyp1c1_ChrAur2"
592.814523744798	-0.55045795221669	0.145912151630164	-3.77252988230827	0.00016160060479197	0.00149066198907464	"gene-g4624"
333.508418534598	0.505892951406836	0.13410854601393	3.77226482907576	0.000161772417288142	0.00149118475181404	"gene-polr2m"
21.322944431888	1.40118589093294	0.371490417229273	3.77179551866656	0.000162077054815281	0.00149280772868316	"gene-dync2h1"
414.159395848369	1.0122142254932	0.268375188268747	3.77163862286547	0.000162179018937318	0.00149280772868316	"gene-mhc1haa"
1751.28746406418	-0.942643505451548	0.249951653913253	-3.7713033328385	0.000162397121021512	0.00149375363235057	"gene-LOC119014669"
268.654361243431	0.658999925905385	0.174832620149133	3.76931905123458	0.000163693532165367	0.0015046096061559	"gene-dhx16"
19.4902430676686	1.27011985503381	0.337183914427164	3.76684592796069	0.000165322955713676	0.00151850893577859	"gene-zmiz1a_ChrAur1"
58.0139401973682	1.12948652418938	0.299938677279754	3.76572482893195	0.000166066610254157	0.00152425844748518	"gene-scap"
146.08194858773	0.909278620066383	0.241584410162464	3.76381331665773	0.000167341828760668	0.00153444513127532	"gene-tln2b"
93.1465349185479	0.892471696934787	0.237125746084609	3.76370643707472	0.000167413402091887	0.00153444513127532	"gene-wsb1"
49.0440272401154	2.81425381622545	0.747926126500835	3.76274302569414	0.000168059864308134	0.00153928097783213	"gene-hbba1_ChrAur1"
346.140158283777	-0.332375063289191	0.0883586816905769	-3.7616571108783	0.000168791342900548	0.00154419875375548	"gene-dpf2"
105.384124672727	0.931299896951387	0.247581312088914	3.76159205674186	0.00016883525869182	0.00154419875375548	"gene-plcl5"
36.2848491375833	1.70504338268876	0.453414231620929	3.76045404793169	0.000169605229645795	0.00155014631555589	"gene-g3361"
92.1561593115375	0.703264146557501	0.187059819153954	3.75956819448596	0.000170206878553798	0.00155454815525405	"gene-myo9aa"
149.147560946988	-0.642296911599487	0.170939477785018	-3.75745216916641	0.000171652163449091	0.00156664352983029	"gene-rbm25b_ChrAur2"
47.254281805305	0.954724864679238	0.254158010969407	3.7564224752851	0.000172359631392329	0.00157199266631131	"gene-pdik1l"
50.0872245423746	3.18876100781572	0.849661643101839	3.75297747486233	0.000174746562484472	0.00159264090832963	"gene-desmb"
14.6969359183697	1.49719477825904	0.399103556554587	3.75139422756374	0.000175853939258221	0.00160160644678848	"gene-tstd1"
166.309740446286	0.80330429729042	0.214192927013564	3.75037732800369	0.000176568670124196	0.00160698583751122	"gene-cdh2"
205.068726279846	0.693803702700034	0.185019047675912	3.7499041931906	0.000176902144674338	0.00160889022168353	"gene-fryl"
190.284951387025	1.5701873660099	0.418756990377012	3.74963857820318	0.000177089614721992	0.00160946498264176	"gene-sparc"
101.781993364414	0.715389667355224	0.190802119986052	3.74938007715805	0.000177272243142668	0.00160999496559656	"gene-wdr45b"
324.221445574753	-0.850703748674316	0.226909901573862	-3.74908165211734	0.000177483297711059	0.00161078219247086	"gene-nwd1_ChrAur1"
1337.33015775543	-0.515609180023734	0.1375553562066	-3.74837588475522	0.000177983376755787	0.00161318839746369	"gene-galnt11"
40.3167373445089	1.34062358958276	0.357656428619221	3.74835591452505	0.000177997546133551	0.00161318839746369	"gene-nrp1a"
21171.5173719099	-0.903639117189455	0.241108012982632	-3.74786016445893	0.000178349633386607	0.0016152490223706	"gene-LOC119008311"
522.667531372248	0.544383435673564	0.145280411360707	3.747122069485	0.000178875050208377	0.0016188754544016	"gene-nipbla"
489.231888766675	-0.536427524421203	0.14318482778237	-3.7463992011537	0.000179391038292388	0.00162014877051933	"gene-taf9"
565.453286798697	-0.475998407323548	0.12705126754112	-3.74650656019225	0.000179314316326316	0.00162014877051933	"gene-tdrd3_ChrAur1"
42.316448691727	1.4847343037248	0.396304576708385	3.74644753299763	0.000179356495098319	0.00162014877051933	"gene-txndc17"
50.3594959237614	1.0915557729849	0.291423372522317	3.74560133436554	0.000179962185464172	0.00162417439996271	"gene-abi1b"
860.993142309433	-0.497565924896532	0.132875955403275	-3.74458963163376	0.000180688864186153	0.00162959713097136	"gene-rbm6"
545.964095075661	-0.48119343790608	0.128518897720199	-3.74414538594701	0.000181008824756615	0.00163134675673133	"gene-eps15l1a_ChrAur2"
42.814190299815	0.961944880557463	0.256973861077659	3.74335691779468	0.000181578017965586	0.00163533860269284	"gene-adam10a_ChrAur2"
1568.87336490979	-0.803168545698491	0.214594152031593	-3.74273267978079	0.000182029846917328	0.00163826862225595	"gene-ppiaa"
12.1037510687732	1.78887028586064	0.47803102172244	3.74216359309693	0.000182442677724689	0.00164084383278642	"gene-ahi1_ChrAur1"
199.072580436762	-0.558316764912712	0.149209401934365	-3.74183367585848	0.000182682411473011	0.00164185975779804	"gene-tab3"
17.9652134293183	1.57425468719469	0.420847030156841	3.74068146948309	0.000183521985374709	0.00164826160373637	"gene-dbf4"
62.0220791990986	0.946280303649502	0.253019598821164	3.73994863662059	0.000184057861768803	0.00165192887579194	"gene-dnajb1b"
52.762583620955	1.15947764349742	0.310054321100826	3.73959517603488	0.00018431685165722	0.00165310771870683	"gene-LOC119007001"
7225.39017873138	-0.920497459785449	0.246178358317213	-3.73914858348085	0.000184644571686091	0.00165490093280731	"gene-g17141"
19.6858567134741	1.55209067250934	0.415169966756878	3.73844641179991	0.000185160949534909	0.00165838136751495	"gene-elf1"
154.998694377903	0.734925651595826	0.196642430887991	3.73737065940995	0.000185954692775938	0.00166433947901947	"gene-g18707"
1234.33795399681	-0.466574338308108	0.124866397584023	-3.73658844441435	0.000186533856845389	0.00166772681790233	"gene-brd7"
164.321150398238	0.902996661508732	0.241670495675378	3.73647870827258	0.000186615242670764	0.00166772681790233	"gene-g1120"
65.3202824863492	0.574254841889483	0.153694554814254	3.73633823646838	0.000186719472315526	0.00166772681790233	"gene-sh2b3"
257.216035655717	0.840841326249703	0.225084861246732	3.73566361412461	0.00018722080291304	0.0016710521147669	"gene-arhgap32b"
120.207154574975	-0.690139744904867	0.18477236411145	-3.73508099127093	0.000187654784045895	0.00167377211307051	"gene-ube2e2"
50.1607324955886	-0.897277221227665	0.240342621188385	-3.73332543679118	0.000188968176588251	0.00168432681004435	"gene-lmna_ChrAur2"
122.254067253968	-0.603128195141976	0.161590440800583	-3.73244971765557	0.000189626558335191	0.00168903270770224	"gene-dnajc27"
56.9479704572707	-0.994236699586156	0.266437094342104	-3.73160014389573	0.000190267343367635	0.00169357550787233	"gene-dnah9l_ChrAur2"
26.3383807224838	1.63892788595943	0.439448509715037	3.72951062462859	0.000191852017137128	0.00170650788045532	"gene-gpib"
51.6800608088543	0.669210853418711	0.179517880304076	3.72782283461217	0.000193141069902344	0.00171444139568558	"gene-agbl5"
78.9261373199804	0.725535193131781	0.194626160526588	3.72784003532077	0.000193127891874264	0.00171444139568558	"gene-g15729"
110.378617217961	0.855808638288789	0.229557317909137	3.72808258122067	0.000192942159429267	0.00171444139568558	"gene-igsf3"
3862.12262683807	-0.584076428830145	0.156688121713625	-3.72763692896675	0.000193283552257909	0.00171453101732341	"gene-nolc1"
447.262541470998	-0.750198268250752	0.201290677066764	-3.72693996156576	0.000193818603889229	0.00171692526605294	"gene-LOC119023462"
2694.62255953814	-0.379653611656214	0.101865720138348	-3.72700071369046	0.000193771910059253	0.00171692526605294	"gene-skp2"
1203.02873790602	-0.425741389116351	0.114261844213165	-3.72601538202109	0.000194530538133809	0.00172205399820298	"gene-chaf1b"
114.415338353168	0.54032254235222	0.145133928300933	3.72292370693549	0.000196929042594572	0.00174209564934583	"gene-g13122"
231.533415356774	0.527526386052062	0.141717803135935	3.72237202651288	0.000197359944063531	0.00174471579219577	"gene-trub2"
3872.73439076821	-0.714475402842121	0.191978387782395	-3.72164497835022	0.000197929173333101	0.00174855438188062	"gene-g3146"
16.0006100544942	1.61476479721253	0.434047138796305	3.72025214056377	0.000199023981450394	0.00175519050055338	"gene-arhgap6_ChrAur2"
2055.76580067178	-0.461585261501503	0.124071100728148	-3.72032857605479	0.000198963753840402	0.00175519050055338	"gene-h2az2b_ChrAur2"
362.5925226371	-0.590257798249713	0.158671433767314	-3.72000040735313	0.000199222456629872	0.00175519050055338	"gene-LOC119029578_fusion_1"
236.674528470823	0.813171895634449	0.218592388740756	3.7200375562886	0.000199193155431058	0.00175519050055338	"gene-rfc5"
1011.36711502552	-0.519775803358796	0.139750034939485	-3.71932503332732	0.000199755864007755	0.00175869353824911	"gene-cd2bp2"
71.9677278466811	0.73429702631144	0.197458299563192	3.71874480807247	0.000200215194571918	0.00176049974337943	"gene-lrch4"
717.831466123834	-0.652948393825203	0.17558406056535	-3.71872248382242	0.000200232887190017	0.00176049974337943	"gene-prpf38b"
85.3999695315248	-0.843633523185292	0.226925481016633	-3.71766766519912	0.000201070538004878	0.00176666522232102	"gene-g12786"
68.6315667335063	0.851243300871427	0.229006675033062	3.71711130581032	0.000201513678234931	0.00176935840462413	"gene-otud6b"
198.891970987374	0.647606327864892	0.174271093423611	3.71608575548853	0.00020233293440232	0.00177534812563987	"gene-acy1"
46.9639449576221	1.42444659741645	0.383370237541847	3.71558993872329	0.000202730136430393	0.00177762897556535	"gene-LOC119005803"
332.998649880742	-0.517851455883331	0.139383193313496	-3.71530773239351	0.000202956540747194	0.00177841012125637	"gene-eloa"
35.431229711987	1.14350446885041	0.307864535458883	3.71431047472219	0.000203758510026505	0.00178423019834569	"gene-adcy6a_ChrAur1"
876.266834923125	-0.446402060066262	0.120254220415714	-3.71215295831669	0.000205503727656536	0.00179829647086472	"gene-raf1a"
747.087759491622	-0.510048276997417	0.137430516455885	-3.71131747264547	0.000206183316749849	0.00180302507442761	"gene-zbtb14"
332.141724228392	-0.471047671676125	0.126982073060054	-3.70956041529857	0.000207619411482081	0.00181435829831608	"gene-kin"
103.645313573782	-0.657991919560399	0.177437496520532	-3.70830254294227	0.000208653272232715	0.00182216353923526	"gene-gpr37l1b_ChrAur1"
98.221516991252	1.31798175163833	0.355443081284593	3.7079966414737	0.000208905426312637	0.00182313623731467	"gene-seraf"
116.340571547102	0.996586828433238	0.26882229835281	3.70723275018388	0.000209536350909852	0.00182741096338956	"gene-tex2_ChrAur2"
444.98135136513	-0.479537065113397	0.129374798150641	-3.70657246981777	0.000210083141130356	0.00183094667616369	"gene-rbm42"
136.557770841573	0.688808682717601	0.18588058548714	3.70565156609782	0.000210847996474794	0.00183637686775055	"gene-nucb2a"
55.8111167196256	0.912555711903787	0.246277255350358	3.70539987789604	0.000211057490359435	0.00183696610056791	"gene-rps6ka5"
1300.35479120278	-0.617008620912655	0.166545773790792	-3.70473898477733	0.000211608518865451	0.00184052513621656	"gene-pygb_ChrAur1"
22.2443909105674	1.4218468831146	0.38382057375646	3.70445718737523	0.000211843881831569	0.00184133564671184	"gene-cbx4"
54.3847996781816	0.944932211099396	0.25511118137433	3.70400154947688	0.000212224960122076	0.0018434107703159	"gene-LOC119017278"
22971.2636140009	-0.550037049510498	0.148513335801374	-3.70362059772285	0.000212544067771879	0.00184494518881609	"gene-LOC119011266"
1101.41164315122	-0.613287614345293	0.165632234663862	-3.7027068770153	0.000213311291528824	0.00185036472644997	"gene-tipin"
1754.05110849603	-0.390864543231076	0.105578869745948	-3.70210956199479	0.000213814243886916	0.00185348612622453	"gene-dek"
158.294113930926	0.696587333161736	0.18818744312162	3.70156117542632	0.000214276977709793	0.00185625494201976	"gene-cast"
2228.56908418572	-0.720256788886834	0.194661425974164	-3.70004886834863	0.000215557954087233	0.00186485708976871	"gene-myofl_ChrAur2"
62.0903836843219	1.10038692182154	0.297384880259571	3.7002113922573	0.000215419946650793	0.00186485708976871	"gene-sh3pxd2b"
105.079291416105	0.759722226274391	0.205371760062826	3.69925361715741	0.000216234440680894	0.00186821363659657	"gene-bicc1b"
168.217098328819	0.528492884235238	0.142864028096328	3.69927189704392	0.000216218868394659	0.00186821363659657	"gene-txndc11"
37.1469227663497	1.05346208531795	0.284818783233883	3.69871001257977	0.000216698008619835	0.00187097060642366	"gene-pycr1a_ChrAur2"
456.591677355768	-0.530285495646609	0.143383903652753	-3.69836140694601	0.000216995778831237	0.00187229335885633	"gene-zranb2"
171.857944123148	0.583968646562487	0.157950182191496	3.6971698193706	0.000218016506655655	0.0018798480543924	"gene-stau2"
90.5976045052592	-0.809673904886284	0.219044944351967	-3.69638252679906	0.000218693382016792	0.00188284842909968	"gene-bcdin3d"
442.356251452419	1.15400344138088	0.312190569129598	3.69647117976144	0.000218617064107088	0.00188284842909968	"gene-cst3"
11.9713780284715	1.5010998471309	0.406113384677301	3.69625800027171	0.000218800624337505	0.00188284842909968	"gene-tp53inp2"
42.892193717923	-0.841082772070441	0.227571437282144	-3.69590657823927	0.000219103535545559	0.00188420311344657	"gene-palm1a"
31.3647105104287	1.2604076080936	0.341110491907198	3.69501272460568	0.000219875775536636	0.00188958936229262	"gene-gne"
2261.36669221823	-0.412297283023135	0.111617657090443	-3.69383566875136	0.000220896584961088	0.0018971032306572	"gene-g5794"
18.1077005430687	1.42784058667268	0.386754729904269	3.69185035442516	0.000222628449333095	0.00191070977290452	"gene-ptch1"
558.917258269258	-0.581256972885415	0.157470064346151	-3.69122204464015	0.000223179197529506	0.00191416807099645	"gene-safb"
928.251244235375	-0.382432579418072	0.10363533844236	-3.69017542824713	0.000224099455172655	0.00192078891061618	"gene-cwc15"
55.8704315649326	1.00255497841309	0.27172121691628	3.68964554844454	0.000224566719244028	0.00192224955778546	"gene-adgrl4"
1099.71024305149	0.355193639177351	0.0962664526097312	3.68969282183195	0.000224524995011208	0.00192224955778546	"gene-p4hb"
443.32342001907	-0.448192549213995	0.12149662331153	-3.68893008709206	0.000225199085962726	0.00192638927496913	"gene-prkrip1"
603.339267587689	-0.334020298181189	0.090593832643289	-3.68700924152735	0.000226905119706797	0.00193491700363524	"gene-calm2b_ChrAur3"
36.5371320571497	1.14315592102338	0.310053839108415	3.68695941424436	0.000226949535712613	0.00193491700363524	"gene-dgke"
1277.12029386007	-0.394209473401706	0.106912081593262	-3.68723036280824	0.000226708110774858	0.00193491700363524	"gene-med24"
137.048529397118	1.30182519729935	0.353111815357213	3.68672228082316	0.000227161028137079	0.00193491700363524	"gene-nid1a"
452.590537376529	0.273602389207215	0.0742147324593289	3.68663175276088	0.000227241816271269	0.00193491700363524	"gene-pdha1a_ChrAur1"
3892.22309328335	-0.322075905195272	0.0873532582840446	-3.68705084987196	0.000226868036308395	0.00193491700363524	"gene-puf60a_ChrAur1"
67.4545872894819	0.682318836121885	0.185032910064632	3.68755393774844	0.000226420109678238	0.00193491700363524	"gene-trim105"
59.1133599791355	1.03298622816636	0.280241339457116	3.68605941638539	0.000227753199414999	0.00193799716532434	"gene-enc2"
878.293488580539	-0.434497687174235	0.117891223518044	-3.68558128593627	0.000228181237346672	0.00194036454686589	"gene-mlh1"
118.673340275251	0.790878533956494	0.214612334742737	3.68514948082806	0.000228568452065285	0.00194238190465715	"gene-epb41l5"
90.9836294145057	-0.908361077456833	0.246617635710101	-3.68327704886691	0.000230254673473545	0.00195414696995799	"gene-g19175"
112.12029926152	-0.566071873802184	0.15368141153301	-3.68341146893093	0.00023013323336908	0.00195414696995799	"gene-si:dkey-246i14.3"
65.4534791217177	1.00924359884238	0.274131505511111	3.68160382353964	0.000231771370112353	0.00196573085417491	"gene-selenon"
2734.38251224961	-0.472457642317561	0.12833529101788	-3.6814319628709	0.000231927683209034	0.00196576925735616	"gene-polr2b"
770.971922538275	-0.572175975184253	0.155471719834694	-3.68025757862988	0.000232998476207789	0.00197355347636827	"gene-cbx5"
1221.64706394588	-0.26543023102583	0.0721956533319846	-3.67654032861613	0.000236418494368074	0.00200121301997446	"gene-polr3b"
808.721542122502	-0.518437188499825	0.141049802417147	-3.67556125294366	0.00023732708864376	0.00200759185174744	"gene-gtpbp1l"
29.0410734589868	1.53582263542523	0.417970288912378	3.67447800996016	0.000238336168817007	0.0020134975357789	"gene-LOC119021085"
27.1295348723993	1.11241137022498	0.302732949738662	3.67456324521427	0.000238256623400319	0.0020134975357789	"gene-sfxn3"
587.816264314585	-0.393822867870724	0.107187177411959	-3.67416026225899	0.000238632925067757	0.00201469036020373	"gene-tram2"
249.400764366117	0.686625254487421	0.186947162331909	3.67283057909365	0.000239878529919007	0.00202256955793038	"gene-g17042"
16.1231458343629	1.44672824222536	0.39388392939471	3.67298113545423	0.000239737187885437	0.00202256955793038	"gene-rgs3a"
141.230174191804	1.20715564758827	0.32887905838907	3.67051539706182	0.000242061887275846	0.00203700032625698	"gene-fbn1"
35.985162157626	0.935627223123558	0.254901863043036	3.67053897509408	0.000242039558093308	0.00203700032625698	"gene-g18057"
154.17241098239	0.660127742104063	0.179836533116768	3.67070989783506	0.000241877746328828	0.00203700032625698	"gene-jak1"
81.1698475806175	-1.0974654850468	0.299174693971587	-3.66830987767644	0.000244159153987543	0.00205331506707316	"gene-g1193"
30.3293599769163	1.68179948798515	0.458785833653559	3.66576159205282	0.000246603585492121	0.00207252630480756	"gene-LOC119020958"
578.2892044494	-0.461923797311017	0.126019955915754	-3.66548134344546	0.000246873809341501	0.00207345181892463	"gene-ccne2_ChrAur2"
337.426796091939	0.563294412452454	0.153726434731782	3.66426511767658	0.000248049750985726	0.00208197817564235	"gene-ston1"
581.3091489885	-0.521894922351097	0.142440112101192	-3.66396034552635	0.00024834525055182	0.00208310838076206	"gene-g11564"
536.170556138822	-0.40586181215538	0.110782593579856	-3.66358828621233	0.000248706437673646	0.00208343924599702	"gene-clk2a"
469.026874232947	-0.40688000843769	0.111057997897975	-3.6636713801691	0.000248625729154978	0.00208343924599702	"gene-septin9a_ChrAur1"
304.085259006443	0.553439303615258	0.151073872819122	3.6633687433027	0.00024891979625669	0.00208387865631571	"gene-net1_ChrAur1"
16.989512382188	1.49968033048445	0.409459274948971	3.66258727603947	0.000249680644219589	0.0020888979478604	"gene-dennd2c"
48.8980978371568	1.00166286944754	0.273604352530643	3.66099025904698	0.000251242311883161	0.00210060631452474	"gene-g10798"
3500.1359043149	-0.515585595229178	0.140845858252919	-3.66063725000229	0.000251588741266176	0.00210214566976661	"gene-cdc25b"
127.072350770038	0.74886908649528	0.204604745020355	3.66007682969806	0.000252139636308091	0.00210539034805034	"gene-klf11b"
100.098236394173	0.751453845996284	0.205395828356253	3.65856430488409	0.000253632105489443	0.00211455002577335	"gene-bckdk"
98.490047321633	0.609021087444916	0.166468838526692	3.65846901338994	0.000253726410319804	0.00211455002577335	"gene-dync1li2"
487.514230425449	-0.324002661283525	0.0885606609351368	-3.65853933182398	0.000253656816795428	0.00211455002577335	"gene-smyd5"
302.868680294968	0.636499343505324	0.17402057068836	3.65760979283985	0.000254578220587039	0.00212028458831044	"gene-fam210ab"
242.654761279848	-0.329016149281711	0.0899626329674374	-3.65725344433617	0.000254932281923307	0.00212050609067999	"gene-mindy4"
141.354543330162	0.631149210647901	0.172570747273197	3.65733602375104	0.000254850191449445	0.00212050609067999	"gene-sh3gl1b_ChrAur2"
25.4323683205691	1.16953593037531	0.31982187014015	3.65683538109138	0.000255348250542417	0.00212260281949605	"gene-arl5a"
51.9287485186159	1.04106687500029	0.284786293922433	3.65560737021931	0.000256573792318877	0.00212732854309973	"gene-dock9b_ChrAur1"
325.865809624106	0.584928080435053	0.160006693998735	3.6556475595932	0.000256533596600752	0.00212732854309973	"gene-galcb"
1597.84590319231	-0.464324209200277	0.127013937419294	-3.65569494682671	0.000256486209472838	0.00212732854309973	"gene-gcna"
127.642386471161	0.647040916434969	0.176983029586314	3.65594892316729	0.000256232373555192	0.00212732854309973	"gene-irs2b_ChrAur2"
48.0441697286008	0.94756431001579	0.259294414969265	3.65439537187143	0.000257788760266788	0.00213330494199053	"gene-ahr2_ChrAur2"
588.807139691742	-0.58419711084609	0.159850098564097	-3.65465593136209	0.000257527108025619	0.00213330494199053	"gene-myo1eb"
592.374630506042	-0.334244913265755	0.0914628951015796	-3.65443180969221	0.000257752154644299	0.00213330494199053	"gene-tra2a"
709.265704955587	0.358021928664319	0.0979944623067559	3.65349143448116	0.000258698422401002	0.00213946568870713	"gene-ivd"
29.9427421920598	1.47282801405972	0.403220335920834	3.65266303024184	0.000259534715286737	0.00214501218741451	"gene-paplna"
87.9132698010493	1.22924445362472	0.336569755766615	3.65227247119941	0.00025992987215645	0.00214690801932282	"gene-slit1a"
561.629622683843	-0.325923727560027	0.0892484600795204	-3.65186948065691	0.000260338198165512	0.00214754140410289	"gene-pcbp2_ChrAur2"
94.142124070028	0.927650057072028	0.254018489005868	3.65189975226803	0.000260307504888291	0.00214754140410289	"gene-sgsm3"
233.468632451915	-0.397097170250184	0.10883644555651	-3.6485679794091	0.000263706128540098	0.00217393893744291	"gene-ddrgk1"
21.5632161405247	2.19270737611442	0.601387302419953	3.64608192971662	0.000266269113077377	0.00219367129991419	"gene-g13614"
1464.3771972797	-0.347580092488093	0.0953427921900849	-3.64558331578041	0.000266785960866033	0.00219653209102097	"gene-g20256"
29.7734895588244	1.08713950016543	0.29827317289412	3.64477800540023	0.000267622707236767	0.00220202139861713	"gene-sdc2"
360.119555080827	-0.351982473289593	0.0965822409210263	-3.64438089169419	0.000268036227691906	0.00220402360942087	"gene-polr1e"
4594.72665175613	-0.606164975283533	0.16637556671366	-3.6433533316029	0.000269109023184573	0.00220863812374107	"gene-calm2b_ChrAur2"
267.91147368037	-0.459622859132674	0.126153010066468	-3.64337607870401	0.000269085231206861	0.00220863812374107	"gene-g18981"
24.0151568576251	1.30501058607619	0.358160113988231	3.64365135900943	0.000268797462307192	0.00220863812374107	"gene-pamr1b"
1181.14236165002	-0.354122455393912	0.0972052879912538	-3.64303694492192	0.000269440147443419	0.00220995525619995	"gene-ufl1"
72.8276562490212	-0.986518505817571	0.270820906684538	-3.64269700554066	0.00026979634709657	0.00221147626028334	"gene-cmbl"
2114.22634230563	-0.436495657263437	0.119833245122259	-3.6425255513869	0.000269976169799936	0.00221155052187159	"gene-snrpd3"
445.100674472413	-0.419164858807307	0.115102385969738	-3.64166959073735	0.000270875590911611	0.00221751566238702	"gene-lmf1"
133.906935892643	0.936885620079064	0.257305674997647	3.64113857996966	0.000271434973980158	0.00221999445596566	"gene-gpcpd1"
1791.50355415413	-0.415066030379473	0.113999975307678	-3.64093087967115	0.000271654066293814	0.00221999445596566	"gene-lars1b"
686.80417574062	-0.457328804761218	0.12561083824384	-3.64083872980319	0.000271751323502133	0.00221999445596566	"gene-ppil4"
16.5694250931591	1.57952374013387	0.433847850776658	3.64073196929814	0.000271864041939737	0.00221999445596566	"gene-yrk"
2026.55305977148	-0.597186976937771	0.164039724398401	-3.64050219620822	0.000272106786533971	0.00222057655475832	"gene-chchd3b"
157.629876945696	-0.623213235574061	0.171212578871563	-3.63999677875052	0.000272641451665141	0.00222353869050078	"gene-mthfr"
245.494664446873	0.391081233830938	0.107446057394277	3.63979138290623	0.000272859014684572	0.00222391258601629	"gene-srprb"
116.198122539022	0.528413652723668	0.145198106287435	3.63925994790606	0.000273422686069636	0.00222710516181626	"gene-tmem168a"
285.728069970309	-0.413125096371835	0.113530279329956	-3.63889791172943	0.00027380730782846	0.00222847554032154	"gene-g16144"
948.275505512565	-0.582014065139709	0.159947681220997	-3.63877775968225	0.000273935067577167	0.00222847554032154	"gene-rbm19"
3795.68538754459	-0.746485581243098	0.205183746461885	-3.63813213334501	0.00027462253046799	0.00223266565730756	"gene-ddx6"
36.5249036698629	1.01742191723002	0.279669660374717	3.63794169116099	0.000274825621905739	0.00223291507484393	"gene-bmal1a"
13.9075601056854	-1.14336925645563	0.314433471709802	-3.6362835363497	0.000276599869902502	0.00224592157686978	"gene-LOC119021492"
4442.43437241763	-0.464307477301421	0.127707879227818	-3.63569953638605	0.000277227309742764	0.00224960581984871	"gene-mcm4"
119.450202207129	0.663332319233249	0.182460995436793	3.63547462648276	0.000277469304758768	0.00225015965305624	"gene-tmem147"
945.784486102152	-0.636651745918408	0.175142591944128	-3.63504809910262	0.000277928776753729	0.0022524753365066	"gene-ywhaba_ChrAur1"
1782.41193473645	-0.527483076931104	0.145160719056851	-3.63378660810105	0.000279291880603333	0.0022621070329542	"gene-pclaf"
399.487152864335	0.397060762256904	0.109277623682076	3.63350472748274	0.000279597321772936	0.00226316557142581	"gene-atpaf2"
325.801687635494	0.543089240246196	0.149565348816595	3.6311167295318	0.000282197504044119	0.00227385693320332	"gene-cox10"
264.58412116466	0.37481851193488	0.103225799345643	3.6310545843276	0.000282265472659107	0.00227385693320332	"gene-dnajc3b"
130.310603354442	-0.618658331259052	0.170379149001588	-3.63106832546326	0.0002822504425687	0.00227385693320332	"gene-g18242"
197.250380023052	-0.502539356303826	0.138402381837099	-3.63100222433541	0.000282322751030109	0.00227385693320332	"gene-g18619"
513.400596462996	0.433960140325712	0.119500698738141	3.63144437570729	0.000281839408781459	0.00227385693320332	"gene-kifc1"
42.1018867662811	0.857298134312466	0.236087655984675	3.63127047340465	0.000282029419262068	0.00227385693320332	"gene-nf1a"
165.256093474028	-0.63541674843544	0.174986773721407	-3.63122729176705	0.000282076619316832	0.00227385693320332	"gene-rbm5_ChrAur2"
105.231459584494	0.65187799006728	0.179500545471073	3.63162122074071	0.000281646306010035	0.00227385693320332	"gene-tbc1d22b"
656.485214993754	-0.471326424682877	0.129830733615488	-3.63031473024544	0.00028307583513149	0.0022785053702846	"gene-LOC119011443"
135.446678158994	-0.677905967607884	0.186773090871564	-3.62956978676362	0.000283893974058845	0.00228367134039509	"gene-tcf7l1b_ChrAur2"
130.510307774197	0.655682984612138	0.180660065713083	3.62937421739604	0.000284109126235604	0.00228398342264265	"gene-g12320"
689.990017636324	-0.365428024626811	0.100701500068123	-3.62882404313347	0.000284715210423463	0.00228743591203119	"gene-man2c1"
235.818520975926	-0.556318403172293	0.153343505526995	-3.6279228211224	0.000285710634733963	0.00229258886644334	"gene-glud1a_ChrAur1"
422.330306633021	-0.308594142104179	0.0850580779682316	-3.62804038693934	0.000285580595397268	0.00229258886644334	"gene-tada3l"
1197.97774227674	-0.744999502131185	0.205385091733204	-3.62732998702234	0.000286367213087285	0.00229494307560327	"gene-atl2_ChrAur2"
118.522849064012	0.726052060505514	0.200155750932089	3.62743542028855	0.00028625033989766	0.00229494307560327	"gene-m6pr"
727.959840364761	-0.432154271576275	0.119143382711937	-3.62717812554585	0.00028653563070423	0.00229494307560327	"gene-sytl4"
131.160092819051	0.627061977113706	0.172926967076665	3.6261665124544	0.000287659901413357	0.00230233558701129	"gene-fyna"
248.098167348717	0.770583299877078	0.212514437750157	3.62602799148646	0.000287814169976935	0.00230233558701129	"gene-glcci1a"
13.5323622581815	1.73527694640183	0.478601786947303	3.62572182914331	0.000288155413045913	0.00230364244096149	"gene-g15302"
175.467346044294	0.744454969415068	0.205398502924847	3.62444204224533	0.000289585948493084	0.00231365059773839	"gene-megf8"
2487.24348091549	-0.297464745031037	0.0820965012672992	-3.6233547159643	0.000290806577765237	0.00232197039989987	"gene-gle1"
184.404166056296	-0.599099439664742	0.165420773242457	-3.62166992646469	0.000292707441217256	0.00233570799211626	"gene-snrnp48"
30.1671654472468	1.60562130526832	0.443417332517016	3.62101611173871	0.000293448237398796	0.00234017741536442	"gene-pld1a"
4050.68552267851	-0.433787990685134	0.119809706751879	-3.62064145256185	0.000293873531194175	0.00234068640989899	"gene-eif4bb"
740.577831673966	-0.256731198422061	0.0709048802339503	-3.62078318974629	0.000293712570595053	0.00234068640989899	"gene-scfd1"
50.6022530102271	1.87410802801674	0.517815625960372	3.61925738440377	0.000295449665330081	0.00235179386336194	"gene-mov10b.2_ChrAur1"
58.4161644164489	0.724706566112224	0.200301444081974	3.61807958716281	0.000296797136690089	0.00235961922484551	"gene-arhgap1"
70397.7805130345	-0.737902488519142	0.203948313897011	-3.61808575133288	0.000296790069546822	0.00235961922484551	"gene-g13190"
22.2202528893633	1.59809444942086	0.441753229146242	3.61761803645314	0.000297326746723179	0.00236169161016695	"gene-hspa12b"
51.2466767043674	1.12509939750811	0.311012748892607	3.61753465577904	0.00029742251688536	0.00236169161016695	"gene-LOC119021402"
32.5621105805428	1.89168907809465	0.522964139918024	3.61724434564706	0.000297756189508149	0.00236289240828434	"gene-ccn2a"
60.1705306970453	1.02849640891835	0.28435615583592	3.61693034530898	0.000298117485522322	0.00236431081138983	"gene-ankrd10b"
585.597084479249	-0.412681094620345	0.114109833018657	-3.61652526958718	0.000298584181488383	0.00236656287298411	"gene-erlec1"
567.220008046763	-0.835677230277861	0.231107459845887	-3.61596822030379	0.000299227086854843	0.00237020795220616	"gene-cep295"
2022.18723545492	-0.345511999924234	0.0955665067063856	-3.61540891084123	0.000299873904949111	0.00237387954950852	"gene-naa15a"
101.400943898491	0.93598309963044	0.258947494895148	3.61456711527345	0.000300849875396395	0.00237961745608159	"gene-spag9a_ChrAur1"
539.208161143358	-0.529703964314548	0.146551060633096	-3.61446694432809	0.000300966210567651	0.00237961745608159	"gene-utp6"
1025.68080722388	0.673143040193564	0.186298952410581	3.61324114539322	0.000302393228601121	0.00238944155192991	"gene-uck2a"
1385.69349003928	-0.278423328935314	0.0770692456003642	-3.6126385663492	0.000303097043756134	0.00239354256932054	"gene-usp14"
2520.20514518922	-0.404424010464525	0.111952405406066	-3.61246378760353	0.000303301472975922	0.00239369736533282	"gene-ddx19a"
69.5393965266573	0.879900727067241	0.24365034409931	3.611325608096	0.000304635901308846	0.00240276465155351	"gene-pgam1b"
1873.35726603152	-0.2876400722819	0.0796675741541055	-3.61050371290962	0.000305602926744621	0.00240892483522191	"gene-sinhcafl"
1073.01701316293	-0.472390218465137	0.130860851667924	-3.60986660597233	0.000306354510914226	0.002413380335067	"gene-cstf1"
295.39425863064	-0.947136444455183	0.262396728609621	-3.6095588899825	0.000306718137747684	0.00241477604982994	"gene-g8713"
675.598352331245	-0.289541157828866	0.0802277843981774	-3.6089885817094	0.000307393137742925	0.00241862000419722	"gene-pdcd7"
314.1051353779	-0.393621084281108	0.109082803800867	-3.60846137581567	0.000308018360027508	0.00242206786928734	"gene-rabggta"
193.626249081783	0.688343841402072	0.190795198304323	3.60776291814298	0.000308848506466262	0.00242712197041538	"gene-snap29"
480.381597434861	-0.559956810425704	0.155228269359242	-3.60731207490182	0.000309385464709527	0.00242986728529599	"gene-arl6ip4"
18.4765048916325	1.73473109322162	0.480956011989976	3.60683939897975	0.000309949364382914	0.00243282073825644	"gene-LOC119034251"
4225.58007661103	-0.42488963737223	0.117829417550564	-3.60597248297436	0.000310986091979106	0.00243947963490091	"gene-serbp1a"
311.974247880002	0.614765347189359	0.170497267391763	3.60571964931714	0.000311289061685945	0.00244037811010574	"gene-LOC119029229"
854.701953850595	-0.843461549632691	0.233969488043118	-3.60500660443917	0.00031214499023599	0.00244560784546056	"gene-kalrna"
417.513935622584	-0.703661871173505	0.195227741819672	-3.60431291482878	0.000312979799096122	0.0024506658876021	"gene-prtfdc1b"
193.900548495013	0.616894641573771	0.171199720739819	3.60336242902697	0.000314127039419948	0.00245667831372448	"gene-ggps1"
185.901988830767	-0.513254639026663	0.142435865159759	-3.60340872329442	0.000314071070963037	0.00245667831372448	"gene-tdrkh"
31.7151626706666	0.871138168445939	0.241771557764184	3.60314578150512	0.000314389084247284	0.00245724383227917	"gene-rab1ba"
41.7292853354865	0.741792785036906	0.205929672492273	3.60216561343164	0.000315577200592869	0.00246423881625308	"gene-atg4db"
170.834644329426	0.564002703426297	0.156576357597679	3.60209364989505	0.000315664597032187	0.00246423881625308	"gene-hbp1_ChrAur1"
411.724767881836	0.488147078250932	0.135574419995172	3.60058393219249	0.000317503312478006	0.00247709963849558	"gene-g21013"
64.7056987880905	0.678749212064835	0.188532906592756	3.60016309264769	0.000318017645486658	0.00247961861932433	"gene-opa3"
329.072696645828	0.517569297851535	0.143770236469865	3.59997528389696	0.000318247429323098	0.00247991724257728	"gene-stard7"
39.9561279512384	1.01962703852237	0.283267608658102	3.59951864370429	0.000318806776688272	0.00248278205946471	"gene-nampt2"
23.2037906136671	1.51567217059127	0.421335713777601	3.59730286569373	0.000321534016334325	0.00250101324056808	"gene-g2967"
83.91521802993	0.719705466587571	0.200064943798438	3.59735920208321	0.000321464406258796	0.00250101324056808	"gene-oxsr1a_ChrAur1"
3063.03690642294	-0.391070968651792	0.108730551752846	-3.59669809770423	0.000322282165794918	0.00250532792869747	"gene-cdca3"
148.224497076424	1.44647592889942	0.402292902377186	3.59557904291142	0.000323670830490161	0.00251461363268031	"gene-col6a2"
451.035111509432	0.399423690308484	0.111096125050618	3.59529812697336	0.000324020304826134	0.00251581952506191	"gene-ppp2r3b"
267.80459603675	-0.407765198013376	0.113433532671536	-3.59475005679423	0.000324703150108809	0.00251961084305523	"gene-g15650"
71.4573586048678	0.839695005194286	0.233659814837197	3.59366460073309	0.000326059505959551	0.00252862075549829	"gene-pdpr"
200.95975002919	0.626586696796068	0.174377261887712	3.59328211724962	0.000326538708850637	0.00253082155495189	"gene-sephs3"
118.550320254544	0.756223248471498	0.210473385272324	3.59296377303499	0.000326938055949416	0.00253240117380436	"gene-nbeal2"
73.3965833489585	0.846825584582154	0.235708136682036	3.59268711085905	0.000327285486161612	0.00253357700614407	"gene-g95"
866.179913884746	-0.464684998317342	0.12940750438433	-3.59086592797019	0.000329581151058992	0.00254982406652629	"gene-kif5bb_ChrAur1"
472.792827386376	-0.599754102683735	0.167084518354417	-3.58952528092127	0.000331280703501662	0.0025614426215224	"gene-stoml1"
536.02746341631	-0.459589309445133	0.128042136788964	-3.58935988550876	0.000331490944389281	0.00256153891454987	"gene-hcfc2"
109.429381940135	0.509878329216251	0.14212237149189	3.58760076871744	0.000333734768917662	0.0025773398880457	"gene-tbc1d8b"
40.1926383484611	1.22830412707604	0.342425233840547	3.58707246338046	0.000334411413720816	0.00258102635226358	"gene-serpinb1l1_ChrAur1"
150.441535574623	0.593134694200993	0.165383170971224	3.58642714804517	0.00033523966462849	0.00258587784193185	"gene-sec11a"
583.110577006813	-0.35761056951832	0.0997395500737317	-3.58544398138912	0.000336505232373531	0.00259399407839685	"gene-abhd10b"
62.9126110929941	-1.38725757363859	0.386929413949353	-3.58529882615794	0.000336692459716247	0.00259399407839685	"gene-phactr1_ChrAur1"
441.122979061965	-0.550512213983465	0.153581446080638	-3.58449687792638	0.000337728604323879	0.00259966967556415	"gene-LOC119012770"
141.774134117498	-0.94551589628729	0.263785049554178	-3.58441806268134	0.000337830597171991	0.00259966967556415	"gene-znf414"
319.907387430353	-0.636820735401073	0.177695230675106	-3.58378068438663	0.000338656472077324	0.00260063067998087	"gene-atxn7l2b"
432.731431269653	-0.310878783866363	0.0867477658790054	-3.58370939834892	0.000338748957417908	0.00260063067998087	"gene-chordc1b"
7013.071572001	-0.403165904625423	0.112504587133301	-3.58355081244582	0.000338954788942933	0.00260063067998087	"gene-g16374"
64.8672291447896	-0.805890811204138	0.224886340615095	-3.5835471776539	0.000338959507976814	0.00260063067998087	"gene-tcf7"
48.7748316014118	0.784233349438305	0.21883939533181	3.58360224971939	0.000338888014753045	0.00260063067998087	"gene-vps50"
2273.14554301856	-0.536959665130181	0.149853395057107	-3.58323323222376	0.000339367333920995	0.00260221808265885	"gene-fbxo43"
208.713819866137	0.626916756211328	0.174976078723316	3.58287121751454	0.000339838173392975	0.00260428649917894	"gene-fuz"
417.734934888649	-0.41488565209727	0.115817305211646	-3.58224231982521	0.000340657576542167	0.00260902204245867	"gene-ints11"
240.637632138731	0.501213244333165	0.139952403817751	3.5813121508499	0.000341872901207709	0.00261646501269157	"gene-ctps1a_ChrAur1"
260.419020351802	0.727284407249231	0.203084591639797	3.58118950028068	0.000342033454288227	0.00261646501269157	"gene-kdm5ba"
28.7801260174523	-1.25023399713791	0.349158844141664	-3.58070264613045	0.000342671456178115	0.00261979812807719	"gene-ncf4"
50.564167778301	-0.649555602160796	0.181424868657871	-3.58030079870538	0.000343198898855353	0.00262228255992665	"gene-rab4a"
4144.96279074081	-0.475538389608807	0.132839636290354	-3.57979292091255	0.000343866597637869	0.00262583508608964	"gene-g1084"
261.305540000913	1.06282692309386	0.296923369686614	3.57946538265282	0.000344297851282179	0.00262757894634973	"gene-g7388"
115.544399787278	-0.82834964193387	0.231493483527489	-3.57828492323632	0.000345856305790638	0.00263791814858337	"gene-g17617"
746.613761806363	-0.478415989938908	0.133708550963696	-3.57805081642688	0.000346166159029627	0.00263872744296215	"gene-LOC119006060"
291.401354821138	-0.406888493814415	0.113773373084915	-3.5763068526652	0.000348482576412197	0.00265381988903808	"gene-alg3"
176.236980316944	0.474347079416474	0.132638053390367	3.57625181681778	0.000348555913153715	0.00265381988903808	"gene-rcan1b"
1283.3298502628	0.806162205119911	0.225498271295934	3.57502609881181	0.000350192960933509	0.00266471741307278	"gene-pgk1"
867.455716983425	0.439750360952514	0.123064368404167	3.57333618702928	0.000352461772678591	0.00268040658717583	"gene-wdr1"
605.122648912414	-0.429891298517353	0.120326979084296	-3.5726925232303	0.000353329541094389	0.0026854289241276	"gene-rnf214"
521.645588792923	0.427192999120178	0.119585975411752	3.57226671145415	0.000353904705610949	0.00268664703538534	"gene-ntn4_ChrAur1"
46.7849116283067	0.78654149555508	0.220170600417555	3.57241836132253	0.000353699764493658	0.00268664703538534	"gene-ppp1r16a"
37.0523619768849	0.882328669745255	0.247076263559785	3.57107824536838	0.00035551466015296	0.00269728785216227	"gene-spryd7b"
932.379982381261	-0.601409665513802	0.168425781262892	-3.57076963517288	0.000355933837484779	0.00269888707802422	"gene-wasla"
360.678433685373	-0.372930170824674	0.104465960994872	-3.56987259077606	0.000357154895821685	0.00270497839519686	"gene-mrpl9"
187.287238141543	-0.549672751973554	0.153971299629232	-3.56996890522574	0.000357023604955613	0.00270497839519686	"gene-nat14"
811.780270837363	-0.559378186514389	0.156797208193507	-3.56752644360892	0.000360367021667639	0.00272771086944336	"gene-kdm5bb"
54.9257967677028	1.47124399298131	0.412451520424501	3.56707132869116	0.000360993242646095	0.00273085483966681	"gene-stat3"
344.960215558632	-0.375709454780684	0.105333328292794	-3.56686208316068	0.000361281497949198	0.00273143997661417	"gene-ccdc59"
63.2101124443976	0.902029366185789	0.252955561631134	3.56595980878709	0.000362526932099825	0.00273765964876083	"gene-kdm6bb"
2637.30987569805	-0.443927386595251	0.124487989231458	-3.56602584181727	0.000362435648915734	0.00273765964876083	"gene-tut1"
138.962061744362	1.15655063053234	0.324386482291215	3.56534779859926	0.000363373990392156	0.00273888188545168	"gene-frmd4a"
318.985112003427	0.370133866039298	0.103813580063899	3.56537040540817	0.000363342668342746	0.00273888188545168	"gene-mrpl32"
2931.68326305381	-0.389802192743871	0.109334318556339	-3.56523183105595	0.000363534704740286	0.00273888188545168	"gene-rrp9"
414.199517576044	-0.27852422768084	0.0781172380466029	-3.56546435390712	0.000363212528428692	0.00273888188545168	"gene-zmpste24"
794.19637032968	-0.335716207770098	0.0941920119483744	-3.56416856191692	0.000365011344373126	0.00274840809359091	"gene-rab10"
129.911847885163	-0.557635222046887	0.156478117948823	-3.56366263447304	0.000365715930180626	0.00275096389592197	"gene-rccd1"
444.392999846773	-0.461025476758606	0.129369994255736	-3.56361982862316	0.000365775602561782	0.00275096389592197	"gene-ythdc2"
108.267131107924	-0.614016988322169	0.172342782111658	-3.56276590640365	0.000366967894447164	0.00275832919383936	"gene-zbtb34"
69.584028512827	1.42468034160441	0.400114450009429	3.56068205377445	0.000369892751450048	0.00277870129004036	"gene-LOC119029704"
184.820329934649	0.866152197225206	0.243302848238033	3.55997557569821	0.000370889287887864	0.00278457227097723	"gene-rlim"
109.118307105755	1.653717756545	0.464588580382021	3.55953165096134	0.000371516758078469	0.00278766716910444	"gene-ldha"
716.565394736784	-0.314659397096829	0.0884232805767196	-3.55855827836898	0.000372896057242578	0.00279477826235453	"gene-nbn"
44.2681148890309	0.810338747010793	0.227706714342931	3.55869500532341	0.000372702022340383	0.00279477826235453	"gene-tepsin"
105.056458401534	0.823443192033272	0.231434152697339	3.55800205992129	0.000373686383863494	0.00279908175674732	"gene-tm2d2"
2815.60910715816	-0.547065247367704	0.153767833725452	-3.55773528255897	0.00037406600117928	0.00280030565391495	"gene-hnrnpm"
17.0149714427609	-1.13247517959671	0.318412955394169	-3.55662406447878	0.000375651117343332	0.00281054744119786	"gene-mybpha"
66.6134059044796	0.664385131499189	0.186821036885852	3.55626508970255	0.000376164523417036	0.00281164109934714	"gene-fbxw5"
549.531594727602	-0.501422703163652	0.141001739089375	-3.55614552275713	0.000376335673743167	0.00281164109934714	"gene-klhdc10_ChrAur2"
17.7729536415583	1.09037216409016	0.306623093996592	3.55606666764077	0.000376448588237815	0.00281164109934714	"gene-mfsd9"
1902.31780177576	-0.60014732828653	0.16878659127241	-3.55565761333454	0.000377034831104366	0.00281439659805916	"gene-gtse1"
141.090941264292	0.795781604356236	0.223831445014086	3.55527171039867	0.000377588676397809	0.00281690722812674	"gene-crip2"
124.30868057841	0.828702478457777	0.233146980139419	3.55442081197974	0.000378812568199423	0.00282441080641953	"gene-abca3b"
452.121676097782	-0.48568854978488	0.136688162504075	-3.55325977675939	0.000380488528306095	0.0028352744131716	"gene-hltf"
129.813228459888	-0.647386928957966	0.182234469597107	-3.55249437929741	0.000381597170948467	0.00284026721893885	"gene-bdh1"
1580.86802187895	-0.365063881243011	0.102758895298038	-3.55262559201511	0.000381406901253221	0.00284026721893885	"gene-rnf10"
1372.7957166156	-0.522010905818973	0.146969091167168	-3.55184142239281	0.000382545334363289	0.00284405546804762	"gene-ddx18"
182.728147919313	0.866131961494725	0.243844666475499	3.55198239114142	0.000382340446450245	0.00284405546804762	"gene-LOC119017299_fusion_2"
4336.90111101439	-0.546929540804647	0.154025380258641	-3.55090531110026	0.000383908510058943	0.00285255256097153	"gene-dlgap5"
425.91485093254	-0.490779577852241	0.138239390627363	-3.55021514218898	0.000384916447678919	0.0028584019001661	"gene-ints15"
60.5834921776984	1.59630026687011	0.450009816084936	3.54725654821898	0.000389265331635822	0.00288654940993631	"gene-g8340"
2576.3005955002	0.321389468542617	0.0906041660927799	3.54718201604008	0.000389375478276483	0.00288654940993631	"gene-psap"
2470.22622020021	-0.453870530101333	0.127942040134314	-3.5474698513863	0.000388950264549962	0.00288654940993631	"gene-uck2b"
18.2018706858389	1.01070176401855	0.28497955791479	3.54657636292901	0.000390271617253405	0.00289153759442154	"gene-cp110_ChrAur2"
127.435907085955	0.695145735319255	0.196049212291341	3.54577163149336	0.000391465299138882	0.0028987233214109	"gene-LOC119031233"
78.551155104819	0.835793955832455	0.235776676109057	3.54485426474442	0.000392830217256302	0.0029071680821065	"gene-gpr63"
543.341623447757	-0.534275148344061	0.150725837416392	-3.54468190392655	0.000393087162656726	0.00290740824875343	"gene-g4070"
24.4860933686338	1.59751859221859	0.450738644889324	3.54422370997466	0.000393770975149977	0.00291049979865242	"gene-nrros"
604.09577053459	0.650477951284801	0.18353822017045	3.54410079099988	0.000393954609453918	0.00291049979865242	"gene-zfp36l2"
1005.17231054612	-0.438389098452126	0.123727895098408	-3.54317106989858	0.000395346156220134	0.00291911520479302	"gene-ubxn1"
26.5282198049572	1.56807742046761	0.442594233709628	3.54292329415293	0.000395717785342685	0.0029201943236314	"gene-pcdh12"
5840.80142490257	-0.496352252139663	0.140145233464211	-3.54169913503636	0.000397558648280657	0.00293210823114054	"gene-g10693"
503.830639201832	-0.43067145370863	0.121640208469485	-3.54053531416522	0.000399316192360004	0.00294339442643962	"gene-cenpn"
705.513128405569	-0.489594822163404	0.138301452045323	-3.54005554477445	0.000400042826951179	0.00294707318079904	"gene-srrt"
15.2413251048796	1.30647558157905	0.369072157559434	3.53989200978581	0.000400290790990404	0.00294722344179461	"gene-sh3bp4a"
17156.7684595647	-0.988516570484116	0.27927754928021	-3.53954900074083	0.000400811353602054	0.00294937945482966	"gene-eef1a1l3"
563.137101105474	-0.484989045089725	0.137043730774696	-3.53893638437984	0.000401742655585857	0.0029545537379287	"gene-myef2"
201.455636539313	-0.638070973998227	0.180333726042642	-3.53827865702363	0.000402744785606584	0.00296024274596531	"gene-g15321"
120.399532017839	0.590562938399252	0.167006392661883	3.53616965785789	0.00040597388152217	0.00298228459421079	"gene-os9"
36.2274316712754	1.69794273614301	0.480207483473403	3.53585230255384	0.000406461873578511	0.00298417671469121	"gene-krt5_ChrAur4"
16.8375611785538	1.51688098865466	0.429027310067092	3.53562804292679	0.000406807044284933	0.00298501871418367	"gene-plekha1b"
124.731389211519	-0.786010948461826	0.222389240518312	-3.53439288083321	0.000408713064451326	0.0029973062840935	"gene-tpcn3"
2181.96309934674	-0.641431513048534	0.181538329327667	-3.53331175528659	0.000410388228423209	0.00300788791528522	"gene-snx10a"
62.4030079159731	-0.849023306385027	0.240326412218736	-3.532792332506	0.000411195333479172	0.00301209884835337	"gene-g18587"
141.617245197961	0.733460415954549	0.207659136169228	3.53204019570238	0.00041236666928691	0.00301510216394335	"gene-cox7c"
367.116430272113	0.452275445963652	0.128053297615243	3.5319312691391	0.000412536563547805	0.00301510216394335	"gene-g7574"
14.8484407217038	1.43373980955718	0.40591350097419	3.53213136817626	0.000412224516566598	0.00301510216394335	"gene-g8644"
35.8390345339795	0.842205257118908	0.238452311321254	3.53196516507761	0.000412483688580353	0.00301510216394335	"gene-rnf217"
247.907524508836	-0.499961419303276	0.141562761253409	-3.53172977749638	0.000412851005166957	0.00301569845906219	"gene-pithd1"
2605.64174007722	-0.313427519724579	0.0888266860216466	-3.52852879874635	0.000417876475492536	0.00305068671595481	"gene-gdf9"
201.733518776069	-0.53526119245793	0.151713479046143	-3.52810571495188	0.000418544966493108	0.00305277006594038	"gene-dglucy"
34.0573942249363	0.88794740936536	0.251682216141287	3.52804986772245	0.000418633282148878	0.00305277006594038	"gene-tstd3"
44.7371250207659	0.933486910178069	0.2646502602627	3.52724727816803	0.000419904404397341	0.00306031623036014	"gene-kpna5"
119.742188321235	-0.480702831923716	0.136294771991629	-3.5269352220879	0.00042039960381484	0.00306220206355793	"gene-tradd"
519.813913328818	-0.443815203273706	0.125852012607312	-3.52648475045461	0.000421115415746591	0.00306442463579377	"gene-nelfe"
42.7705807220282	0.830714526691698	0.23556710164973	3.52644541989954	0.000421177967084619	0.00306442463579377	"gene-slc40a1_ChrAur1"
23.5987061769086	1.43884370308568	0.408123692311534	3.52550888417271	0.000422669999603881	0.00307355371413243	"gene-mmp15b_ChrAur1"
113.700542683511	0.597018172766207	0.169358428602322	3.52517543823042	0.000423202416095818	0.00307569836748425	"gene-tmtc4"
654.26764192625	-0.460889506081531	0.130758790134247	-3.52473057917061	0.00042391370215057	0.00307913985224455	"gene-g2009"
27.4924986387666	1.53715130488953	0.436292323237004	3.52321419154221	0.000426346654017164	0.00309445981015185	"gene-ramp2"
233.174884888592	1.48103633479549	0.420376538333272	3.5231184420224	0.000426500715089264	0.00309445981015185	"gene-selenop"
38.6510103450503	1.01562728684997	0.288306017994642	3.52274050300556	0.000427109327002197	0.00309540732736735	"gene-cd151l"
926.692376667251	-0.453164364698729	0.128637140009024	-3.52281125549696	0.00042699532947795	0.00309540732736735	"gene-thumpd1"
567.660599808615	-0.297695362115573	0.0845107467292602	-3.52257403510199	0.000427377654795204	0.0030956196908572	"gene-g4383"
42.2987523549687	1.55149500139179	0.440534448154113	3.521847174251	0.000428551118942783	0.00310065114046256	"gene-g6194"
271.844966950347	0.515773916085476	0.146449084478047	3.52186507634188	0.000428522181216326	0.00310065114046256	"gene-traf2b"
80.7358096188559	-0.887015294832013	0.25190946339469	-3.52116702119382	0.00042965190068749	0.0031042477005436	"gene-g3898"
27.6319585443666	2.2207355991634	0.630694452033846	3.52109582064982	0.000429767286470132	0.0031042477005436	"gene-myocd"
129.391239366241	-0.840035959141127	0.238552627545102	-3.52138631959652	0.000429296693009724	0.0031042477005436	"gene-usp28"
80.3259033358646	0.7072851740479	0.200929747470187	3.52006202641967	0.000431445889987154	0.00311463529611128	"gene-parp10"
18.9156207527823	2.13159082746023	0.605801156349528	3.51863116324322	0.000433779327604215	0.00312141656931454	"gene-LOC119033992"
369.601897352491	-0.549245450999268	0.156097752887513	-3.51859934457266	0.000433831350842883	0.00312141656931454	"gene-luc7l3"
185.729035181989	-0.499084453998501	0.141833624708775	-3.51880208253342	0.000433499975764364	0.00312141656931454	"gene-mettl25b"
3586.47396841559	-0.352489171653353	0.100170919462691	-3.51887727041018	0.000433377141303869	0.00312141656931454	"gene-npm1a"
130.371963171117	0.864372012385889	0.245619436154188	3.51915152123091	0.000432929373011173	0.00312141656931454	"gene-rapgef2b"
79.8832065479705	0.554237744524911	0.157496529176496	3.51904735566466	0.000433099392848283	0.00312141656931454	"gene-smad3a_ChrAur2"
270.194592180775	-0.380273506939339	0.108081699572374	-3.51838940767858	0.000434174741791853	0.00312215273789355	"gene-rhogd"
61.9184100686999	1.1144092286648	0.316804895750431	3.51765153762869	0.000435383680177621	0.00312910879133206	"gene-cipcb"
143.977241159675	0.833042099839802	0.236854585896316	3.51710352867928	0.000436283579894227	0.00313383729518033	"gene-ube2z"
199.424208678528	-0.509936922900829	0.145009034418256	-3.51658725917722	0.000437132947611075	0.0031378436977757	"gene-ccdc15"
196.155312845886	-0.495191561455372	0.140826525967193	-3.5163230652351	0.000437568196910116	0.0031378436977757	"gene-g13840"
351.74773827623	-0.467988795146174	0.133089680247136	-3.51634171993772	0.000437537450739785	0.0031378436977757	"gene-polg2"
149.465892624705	0.482170932573086	0.137156640568316	3.51547639673285	0.000438965777745039	0.00314438373206637	"gene-appbp2"
22.1588742461115	1.18597548915065	0.337353472746083	3.51552773266781	0.00043888091989215	0.00314438373206637	"gene-g9109"
325.749300413185	-0.447302530377549	0.127247620361846	-3.51521332269778	0.000439400877232806	0.00314576050914432	"gene-ssbp3b"
70.9467328753736	1.38973561559712	0.395430804966363	3.51448495702132	0.00044060762613431	0.00314623568615919	"gene-LOC119029703"
11369.1371884112	-0.334693731322743	0.0952331639451031	-3.51446615294307	0.000440638821466921	0.00314623568615919	"gene-paics_ChrAur1"
530.142167443471	-0.463725116506085	0.131937274563887	-3.51473924286301	0.000440185976868131	0.00314623568615919	"gene-riok2"
50.8891931258827	0.990351316441754	0.281794899541358	3.51444017636098	0.0004406819191331	0.00314623568615919	"gene-rsu1"
1041.72348562487	-0.334095961285512	0.0950602843432485	-3.51456934506046	0.000440467654602571	0.00314623568615919	"gene-trafd1"
224.154269458982	0.377695628602414	0.107509379613648	3.5131411785625	0.000442842107240146	0.00315991632554663	"gene-surf4"
485.329504893979	-0.449561023064683	0.127972628321024	-3.51294670557944	0.000443166358375148	0.00316048871548267	"gene-rad54b"
2458.08934145123	-0.572643345178118	0.163035596863448	-3.51238230297486	0.000444108660501526	0.00316546574692089	"gene-ifi30b"
1095.82081231019	-0.445283774991818	0.126807886356092	-3.51148329798201	0.00044561346294037	0.00317003585212818	"gene-dhx37"
851.602839990229	-0.487611422570131	0.138871064045165	-3.5112528727478	0.000445999926461995	0.00317003585212818	"gene-g650"
96.8329975448736	0.639971324575425	0.182261018516611	3.51129018033606	0.000445937333877974	0.00317003585212818	"gene-LOC119007391"
34.3644946850599	1.00730156342636	0.286882217161302	3.51120251855833	0.000446084420906338	0.00317003585212818	"gene-osbpl2b"
299.627455644293	-0.410398260681649	0.116863398225374	-3.51177757034059	0.000445120371052223	0.00317003585212818	"gene-pdss1"
96.6991312310782	0.91758284512532	0.261336027205833	3.51112265283888	0.000446218466406429	0.00317003585212818	"gene-timm23a"
62.8971914041592	1.14746286992779	0.326905394285714	3.51007627890323	0.000447978162167185	0.00318079231262457	"gene-nek7_ChrAur2"
5231.39547239326	-0.621146216843983	0.176969198877271	-3.50991144665096	0.000448255951709405	0.00318102072908959	"gene-eif5a"
907.327494560095	-0.447426373863188	0.12748458177537	-3.50965087410776	0.000448695419030959	0.0031823956034337	"gene-mfap1"
373.4344196105	-0.403375644542695	0.11494221597282	-3.50937765666603	0.000449156644375378	0.00318366628094468	"gene-g5971"
666.940265957629	-0.459609072351272	0.130970606718725	-3.50925359411625	0.000449366223578633	0.00318366628094468	"gene-sf3b4"
1383.87742795184	-0.397318673233379	0.113234930537152	-3.50879954929651	0.000450134021210389	0.00318736233389598	"gene-usp39"
481.650899887218	-0.459562306697264	0.131028940503828	-3.50733437155312	0.000452620020232979	0.00320321414318979	"gene-pdcd2"
1967.6762099543	-0.412181525674608	0.117530483844359	-3.5070180279394	0.000453158446483355	0.00320352349367136	"gene-cdc5l"
2144.73773860305	-0.446363494972134	0.127276219176344	-3.5070455255564	0.000453111621011211	0.00320352349367136	"gene-rfc1"
2706.66322730017	-0.443974003328217	0.126609523533051	-3.50663987146527	0.000453802864374601	0.00320458064150243	"gene-nob1"
938.077874455694	-0.475821389828742	0.135687110480217	-3.50675453360854	0.000453607377895379	0.00320458064150243	"gene-tmem39b"
110.061149790649	-0.570305962788213	0.162643289155459	-3.5064832108941	0.000454070080693814	0.00320472022619378	"gene-g7763"
492.849278756195	-0.879369296714619	0.250888387935192	-3.50502191014823	0.000456569707352025	0.00322060690627237	"gene-g7649"
48.6894092560946	-1.3456992612835	0.38412101825484	-3.50332108197922	0.000459495225587862	0.00323850162319264	"gene-LOC119029297"
229.356812138775	0.520387100557639	0.148543819708547	3.50325649076934	0.000459606670019927	0.00323850162319264	"gene-myo1ea"
363.34477980317	-0.85384123429549	0.243743809378233	-3.50302736497618	0.000460002202708639	0.00323952611597585	"gene-zgc:195212"
612.565453468651	-0.581494391272978	0.166009271127286	-3.50278262969495	0.000460425032361455	0.00324074162723544	"gene-anapc2"
1112.89096997849	-0.317573991037434	0.0906838219945818	-3.50199168994453	0.000461794021795668	0.00324861182850391	"gene-pcbp2_ChrAur1"
66.6886370746482	0.554621797685977	0.158408406227162	3.50121442981148	0.000463143033188073	0.00325633301998846	"gene-mapkapk5"
429.494857706745	0.948085984959532	0.270807893040659	3.5009540317098	0.000463595801337464	0.00325774781504151	"gene-tcn2"
505.151589177501	-0.409782637658708	0.117063522606517	-3.50051517786716	0.000464359794664772	0.0032613469092752	"gene-rrp7a"
228.979709558619	0.646925684482131	0.184818638561415	3.50032707478882	0.000464687619692412	0.00326188041335308	"gene-cpt1a2b_ChrAur1"
61.0532225212703	1.08612301567134	0.310325339903752	3.49994949174374	0.00046534632122587	0.00326473467291238	"gene-slc27a6"
155.940811653551	0.503366126546304	0.143840505220965	3.4994741277712	0.000466176842400653	0.00326879062584237	"gene-cyth1a_ChrAur1"
79.0901655379376	-0.713107695804512	0.203871237888161	-3.4978337463949	0.000469053428653471	0.00328718125243025	"gene-dachc"
249.635344973981	-0.514916364471985	0.147356477907534	-3.49435852284075	0.000475202396830152	0.00332847281846798	"gene-g15175"
245.009817212922	-0.803167513208829	0.229894179779878	-3.49364004768566	0.000476482991443552	0.00333563849847862	"gene-ss18l2"
7929.31472388647	-0.320788210456428	0.0918341168933236	-3.49312675189181	0.000477399849377615	0.00334025145828714	"gene-pabpc1a"
231.260432945991	-0.628775342991853	0.180066925601248	-3.49189803120344	0.000479601300547408	0.00335384257202456	"gene-marveld3"
177.065939355076	1.36664763176915	0.391432861084676	3.4913972934774	0.000480501165597191	0.00335832196203412	"gene-s100a10b_ChrAur1"
44.2783178952229	0.72844565549953	0.208690510585192	3.49055476196251	0.000482018815820661	0.00336671665814375	"gene-ern2"
32.5423437987699	0.955688570909172	0.273801586231504	3.49044205354282	0.0004822221759599	0.00336671665814375	"gene-fam222aa_ChrAur2"
27.3086212915115	1.41251289304697	0.404795935993776	3.4894443531881	0.00048402582221844	0.00337648122756547	"gene-fabp3"
96.1585332179437	-0.551747924515649	0.158124895017173	-3.48931725428641	0.00048425604334663	0.00337648122756547	"gene-glt8d1"
196.200565060775	0.481943973089244	0.13812305768466	3.48923620116738	0.000484402912579465	0.00337648122756547	"gene-rnf14"
16.3045963786712	1.67975723864895	0.481545070977265	3.48826587559082	0.00048616438285271	0.00338470016923581	"gene-arhgap42a"
378.894541545567	-0.467155507016283	0.13392849840166	-3.48809635433421	0.000486472733783801	0.00338470016923581	"gene-ccdc62"
4095.66951417761	-0.603980065748794	0.173158859023246	-3.48801135070838	0.000486627419899396	0.00338470016923581	"gene-mid1ip1l"
1211.20301497405	-0.615364568224027	0.176411153286997	-3.48824071924134	0.000486210129509912	0.00338470016923581	"gene-pabpc1b"
102.216007998147	-0.739701831736532	0.212080554499827	-3.4878342971191	0.000486949762055884	0.0033851241912967	"gene-rasgrf2b_ChrAur2"
424.99841707624	-0.46834598702441	0.134336350969494	-3.48636823647805	0.000489626519815349	0.00340190614706469	"gene-bud23"
294.635755293089	-0.380796547649014	0.109235561101716	-3.48601264833923	0.000490277822985148	0.0034046048715714	"gene-tdp2b"
1089.6655894602	-0.300322520144014	0.0861598468052066	-3.48564361799521	0.00049095460144166	0.00340747751515055	"gene-cul1a"
428.641418933604	-0.487906910578365	0.139999756422364	-3.48505542471377	0.000492035112108318	0.00341314768983119	"gene-g5107"
102.266896336249	0.595765012878433	0.170967463819524	3.48466895144056	0.000492746270000373	0.00341625104002936	"gene-bod1"
393.0423919519	0.591267575806811	0.169718613557902	3.48381101761176	0.000494328399664319	0.00342538635850862	"gene-prmt9"
3343.89475378411	-0.443219247729721	0.127257956685558	-3.48284114623084	0.000496122658896861	0.00343598104565414	"gene-kif22"
17348.9137027177	-0.775389663063243	0.222677452066225	-3.48212024104101	0.000497460263798738	0.00344340346149517	"gene-cldnd"
683.2104929645	-0.22703041528387	0.065202376057163	-3.48193469337425	0.000497805082271908	0.00344394958360229	"gene-jpt2"
480.141082775634	-0.45392332848098	0.130414505909355	-3.48061993039702	0.000500254806038833	0.0034590496492306	"gene-acin1b_ChrAur1"
779.380144409828	-0.262255155715611	0.075355124863965	-3.48025640179148	0.000500934129275342	0.00346189856363125	"gene-epb41l3b"
30.2285586316119	1.00372375294975	0.288466037595402	3.47952140680614	0.000502310237214801	0.00346955727049007	"gene-znf653"
539.820185277779	-0.761928029010714	0.218992442800226	-3.47924348104457	0.000502831506567475	0.00347071153742245	"gene-raver1"
237.426545036609	0.429674927598752	0.12350009253278	3.47914660456393	0.000503013323738857	0.00347071153742245	"gene-tmed9"
7246.13782687248	-0.672001772493758	0.193188550857194	-3.47847618045701	0.000504273252285673	0.00347755212478794	"gene-eif4g2a"
2231.76148328261	-0.348694425071453	0.100327084662261	-3.47557617412376	0.000509757199928847	0.00351349946582145	"gene-slc25a5_ChrAur2"
595.938143677796	-0.252301808223178	0.0726213100371835	-3.47421174437634	0.000512356539353443	0.0035276605747828	"gene-cnbpa"
1470.49302825613	-0.455117015613739	0.130996050240555	-3.47428044416594	0.000512225366348101	0.0035276605747828	"gene-gtf2f1"
469.234053408286	-0.294830250579685	0.0848732905179717	-3.4737695307955	0.000513201636444521	0.00353160169691445	"gene-ptpn2b"
393.085757955699	0.450612845439632	0.129781945763753	3.47207651101102	0.000516449124793757	0.00355017654734817	"gene-pycr1a_ChrAur1"
46.7113177380563	0.740212734389959	0.213182296088643	3.47220546907972	0.000516201089832428	0.00355017654734817	"gene-xylt2"
1188.56465674164	-0.530854460230638	0.152948013467739	-3.47081631329987	0.0005188788135945	0.00356484513972781	"gene-g4731"
19.8287641110339	1.13129855730984	0.32595833636781	3.47068453568646	0.000519133498071705	0.00356484513972781	"gene-slc17a9b"
422.391400931106	-0.529243964890337	0.15254838361366	-3.46935150903131	0.000521716375974395	0.00358068298105161	"gene-creb1a"
258.121057981474	0.48989734644126	0.141214282113482	3.46917704859038	0.000522055296159883	0.00358111130326623	"gene-rmnd5b"
400.441224230266	-0.647644247815025	0.186769731388207	-3.4676081771991	0.000525112338523512	0.00360017464066597	"gene-terf2ip"
46.7122663739575	1.54546209296291	0.445738182272701	3.46719701032344	0.000525916277033359	0.00360187292641938	"gene-bhlhe40_ChrAur2"
1261.28847168869	-0.380493150041545	0.109739272215486	-3.46724688764478	0.000525818692762315	0.00360187292641938	"gene-rbm28"
110.907356577617	0.630059184817151	0.181767943459988	3.46628328859232	0.000527706949935291	0.00361222659017545	"gene-brf2"
87.6535204746781	0.783443795844008	0.226034205471863	3.46604087734647	0.000528182969905472	0.00361357508887785	"gene-kpna1"
525.026966868703	-0.375153446491666	0.108261197701488	-3.46526229578659	0.000529714568797066	0.00362214011641542	"gene-sars2"
198.976794838892	-0.441922372941155	0.127577136426626	-3.463962159045	0.000532281382185628	0.00363754053381899	"gene-cmasa"
137.695517677137	-0.694109940464606	0.200387570980909	-3.46383728824545	0.000532528519197036	0.00363754053381899	"gene-si:ch73-71d17.2"
95.8644778612405	-0.678783798682121	0.195973149591338	-3.46365713924374	0.000532885248006791	0.00363805843275485	"gene-eif5b"
1267.3908336236	-0.321475011985062	0.0928258720880342	-3.463204866852	0.000533781813637907	0.00364225936165676	"gene-ube2l3a_ChrAur2"
1216.99406724573	-0.196851981465128	0.0568684203605752	-3.46153419097953	0.000537105890783703	0.00366301126463388	"gene-zpr1"
59.5881986933079	0.813668623756403	0.235095464693657	3.46101369848483	0.000538145427947842	0.00366816917755394	"gene-sufu"
172.75247240479	0.480070157334731	0.138792591893731	3.45890332318533	0.000542379547094084	0.00369314275205861	"gene-inpp4ab"
798.263249435416	-0.716372904829179	0.207109631323586	-3.45890676474588	0.000542372616975726	0.00369314275205861	"gene-ubn2b"
16.8418394946818	1.44765232276398	0.418570699104351	3.4585610647416	0.000543069149990978	0.00369563587591688	"gene-g13030"
388.945854252475	-0.631813437800281	0.182687489453375	-3.45843844967574	0.000543316400876051	0.00369563587591688	"gene-irf5"
71.8999041390761	0.617891516430442	0.178707001963753	3.45756746876526	0.000545075737501342	0.00370565662802094	"gene-lrig2"
101.027447380644	0.590206838677331	0.170812407290053	3.45529255187601	0.000549696018836484	0.00373510657919796	"gene-crata"
67.2019921888045	0.853800497521605	0.24720391262971	3.45383084126393	0.000552683928530748	0.00375343972648229	"gene-mtmr7a"
2875.44285973521	-0.501578471505684	0.145250623901788	-3.45319323271773	0.00055399200886492	0.00375838161697726	"gene-exo1"
109.523477886134	1.23528458264387	0.357721114688466	3.45320567313914	0.000553966459265	0.00375838161697726	"gene-g7835"
83.8823100850192	-0.764442763879927	0.221422194604955	-3.45242158422189	0.000555578934447262	0.00376717423038036	"gene-znf408"
182.748139239224	0.626985710716513	0.181703483631905	3.45059818438408	0.000559345667263118	0.00379073036981928	"gene-mat2aa_ChrAur2"
1370.74555711694	-0.371665668267142	0.107730685718161	-3.4499517550596	0.000560686745608777	0.00379783161212305	"gene-ilf3b"
71.3291368655481	0.476369855274941	0.138112665552417	3.44913953669331	0.000562376014106198	0.00380529349983771	"gene-letmd1"
6973.27812768403	-0.567752864478822	0.164607050633067	-3.4491406187966	0.000562373760375497	0.00380529349983771	"gene-LOC119022828"
10.7015830902194	1.45765651121502	0.422642260597339	3.44891329408198	0.000562847401509124	0.00380590651049151	"gene-git2b"
265.018915520546	0.474344602935089	0.137538469589954	3.44881402526333	0.000563054349015653	0.00380590651049151	"gene-pigt"
35.7053600005697	1.31240309978377	0.380588429416532	3.448352599147	0.000564017222993277	0.00381042621543346	"gene-dok1b"
59.925557564749	0.919971113964792	0.266837342275961	3.44768504332264	0.000565412949359681	0.00381786397662003	"gene-zc3h10"
18.7080767749996	1.02085117025445	0.296126739905289	3.44734545276441	0.000566124199325444	0.00382067457293581	"gene-zbtb17"
126.182273837862	-0.922901219010067	0.267762123078007	-3.44672057571488	0.000567435140631496	0.00382751973996175	"gene-asap2b"
113.897145960825	0.653752207016241	0.189681401920313	3.44658042590222	0.000567729551422015	0.00382751973996175	"gene-mfsd14bb"
200.382251398591	0.55022750624831	0.159665870897556	3.44611846699127	0.00056870098968566	0.0038320741505822	"gene-ncoa1"
1607.50968673555	-0.371817913084619	0.107908096708309	-3.44569058696028	0.000569602145213513	0.00383536828949568	"gene-rbm39a"
527.293336945299	-0.479165772433583	0.139065779530622	-3.44560519525993	0.000569782147246521	0.00383536828949568	"gene-sclt1"
431.663656753199	0.666627097265849	0.193512363160085	3.44488117647747	0.00057131047767223	0.00384365817991327	"gene-igbp1"
57.4735581505368	0.925073668860631	0.268661500554778	3.44326845100761	0.000574728509950537	0.00386464638233095	"gene-zyg11"
57.884540970434	-0.733414734027332	0.213071748383363	-3.44210220074675	0.000577212129797523	0.00387933279346535	"gene-hdac6_ChrAur1"
326.888909699238	0.562984589189752	0.163565351527614	3.44195505913553	0.000577526188166201	0.0038794303231019	"gene-arfgef2"
89.5161705074825	0.654865667283747	0.190290205033098	3.44140502223876	0.000578701593900596	0.00388531070119576	"gene-tmem181"
904.745936581441	-0.303749217464114	0.0882808558787961	-3.4407144611414	0.000580180447572329	0.00389322123135193	"gene-tinf2"
1520.48313677607	-0.599514815528888	0.174273872063717	-3.44007284872685	0.00058155762902986	0.00390044166419768	"gene-carmil3_ChrAur1"
306.792080110995	-0.829629181121381	0.241215951486857	-3.43936284481826	0.000583085155769254	0.00390866244946564	"gene-znf687b"
230.789790341962	-0.604940434373373	0.17590745683869	-3.43896981540762	0.000583932338083255	0.00391029354214904	"gene-nkapd1"
20.3938476380491	1.74214758767199	0.506586512999506	3.43899322813928	0.000583881839416462	0.00391029354214904	"gene-spry1"
28.5642771988535	1.42589900853822	0.414691016586168	3.4384612916782	0.0005850301711689	0.00391562054098626	"gene-g19242"
90.4938224021925	0.520151736966928	0.151292951605909	3.43804342136063	0.000585933733874733	0.00391964245217545	"gene-cep72"
151.60861209209	0.529335495209163	0.154004270217775	3.43714816777896	0.00058787391938972	0.0039305911874116	"gene-wrap73"
323.150110678301	0.566549222196424	0.164893561201975	3.43584805899407	0.000590702154801106	0.00394746316141853	"gene-wu:fe05a04"
2349.95151756146	-0.366265558742622	0.106608554664087	-3.43561133435012	0.000591218482842725	0.00394887600376284	"gene-prpf31"
77.3774930310318	0.701966741532975	0.204330057358493	3.43545511907428	0.000591559439270281	0.00394911664844815	"gene-niban2b"
151.621683491142	0.697201361126817	0.202972051666901	3.43496237733755	0.000592636100028614	0.00395231271078946	"gene-g13862"
174.260812672976	0.450577167057174	0.131174046154087	3.43495668745243	0.000592648543305778	0.00395231271078946	"gene-snap23.1"
206.717511737477	0.435497316791014	0.126848620703301	3.43320498383379	0.000596490948503645	0.00397589000209506	"gene-srsf10a"
128.369235069564	0.871648974426454	0.253905863040688	3.43296119273454	0.000597027544735376	0.00397741961515836	"gene-sdf2l1"
71.3740079246178	0.845167004489621	0.246286179407319	3.43164608961612	0.000599929908917879	0.00399470038580743	"gene-nipsnap1"
916.353416801224	-0.43559760207494	0.126965835648235	-3.43082530706753	0.000601747983380959	0.00400474724191511	"gene-cul4b"
195.818732371269	0.538031616367659	0.156835278899515	3.4305522338018	0.00060235399028077	0.00400672138065036	"gene-mif"
1535.36861920001	-0.551074998865947	0.160699151986099	-3.42923401931591	0.000605287382286635	0.00402210204617456	"gene-g11220"
53127.868331327	-0.537208806716281	0.156652936313307	-3.42929292842529	0.000605156009933922	0.00402210204617456	"gene-zpax4_ChrAur1"
44.9574973535425	1.36208708520373	0.397271125310911	3.42860831916174	0.000606684386225529	0.00402877360166686	"gene-LOC119019911"
15.3145560079834	1.39267273798477	0.406203989391449	3.42850581076564	0.000606913543112658	0.00402877360166686	"gene-lrp5"
25.8908319495444	1.09251186161088	0.318689491045955	3.42813896380831	0.000607734287355717	0.00403215510017617	"gene-higd1a"
439.994048479307	-0.667822242364561	0.194828934591912	-3.42773645897813	0.000608635997048185	0.00403607004494165	"gene-hdlbpb"
547.689276466484	-0.272755780420719	0.0795769931234601	-3.42757083064889	0.000609007406642646	0.00403646618394519	"gene-hnrpkl_ChrAur2"
332.041442417544	-0.513742222646593	0.149897215827682	-3.42729662995995	0.000609622745591216	0.00403847784048687	"gene-rasef2"
1398.24051949384	-0.693622108957586	0.202401232670863	-3.42696583318506	0.000610365862923956	0.00404066562684484	"gene-ninl"
25.314284642963	1.04061578887678	0.303664812184062	3.42685667592605	0.000610611263810285	0.00404066562684484	"gene-rgma"
1409.8882167128	-0.591600153140117	0.172642607521833	-3.42673318963455	0.000610888989063562	0.00404066562684484	"gene-scaf1"
432.690652434692	-0.44368049718412	0.12951573995058	-3.4256878534873	0.000613244702558794	0.00405417669363907	"gene-dnajc8"
337.797963661879	-0.581373475782545	0.169768394990828	-3.42450946664104	0.000615910386212991	0.00406972214890023	"gene-vps26c"
14.7822055747507	1.57188118079037	0.459029654767211	3.42435649737601	0.000616257214681852	0.00406993737243481	"gene-egfl7"
15.0761195179892	1.3057466351799	0.381369564676162	3.42383545023753	0.000617439953361596	0.00407567015085934	"gene-frem1a"
341.946493150546	-0.533493315916861	0.155845590487954	-3.4232172642581	0.000618845929480957	0.00408286990968307	"gene-kif3b"
89.8472144829913	0.6111029872618	0.178567221053383	3.42225736423994	0.000621034990796374	0.00409518492041129	"gene-clptm1l"
152.17788953743	-1.1597379609608	0.33889442311133	-3.42212170478772	0.000621344943912299	0.00409518492041129	"gene-txk"
24.128033419437	1.59597224062998	0.46639726881533	3.4219159230581	0.000621815386348701	0.00409620095045881	"gene-g7511"
1733.99273193096	-0.380004339802393	0.111095630988868	-3.42051560821928	0.000625025490041363	0.00411525425598663	"gene-cdk11b"
281.039928741247	0.523017207371549	0.153017028386977	3.41803270449645	0.000630755272276594	0.00415086968051533	"gene-upf1_ChrAur2"
375.96050790646	-0.304655961194076	0.0891421632872855	-3.41764155097108	0.000631662377820703	0.00415332037123637	"gene-mterf4"
25.2093128767837	0.948174266870817	0.277449729239961	3.41746329855222	0.000632076156931112	0.00415332037123637	"gene-nectin1b_ChrAur1"
802.15546968671	-0.376238023368549	0.110092965261371	-3.41745744131176	0.000632089757679476	0.00415332037123637	"gene-ywhae1_ChrAur1"
12173.8048357724	-0.320556244378107	0.093854265132226	-3.41546805493063	0.000636724974938799	0.00418165575579736	"gene-aldob"
43.7078247810625	-1.39073350738736	0.407283753415862	-3.41465500581198	0.000638628443608126	0.00419203090378553	"gene-g5679"
414.20415533428	0.513545506558295	0.150424651023517	3.41397173311711	0.000640232178156995	0.00419860846858887	"gene-LOC119017296"
47.3461107513564	1.10490953070273	0.323645316516481	3.413951861239	0.000640278876184312	0.00419860846858887	"gene-mtmr2"
276.019014967305	-0.533138469828752	0.156205988699913	-3.41304756793264	0.000642407280648705	0.00420573310821102	"gene-elp2"
1553.24122241818	-0.533400559644724	0.15628386432218	-3.41302387139032	0.000642463142776907	0.00420573310821102	"gene-patl1"
503.385724079169	-0.290025767456744	0.08497831529245	-3.41293854154004	0.00064266433643345	0.00420573310821102	"gene-rassf7a"
52.5210373149075	0.850109739042357	0.249069643210597	3.41314071070298	0.000642187750053378	0.00420573310821102	"gene-ube4a"
269.463610038373	0.581618809783577	0.170438490192652	3.41248510900417	0.0006437344387134	0.00421060844231174	"gene-otc"
205.856475108144	0.631437686637204	0.185118248151607	3.41099644655277	0.000647259350372163	0.00423152743395754	"gene-si:dkeyp-84f3.9"
200.307038514816	-0.435600733415046	0.127753888581266	-3.40968668940324	0.000650375479660863	0.00424547017998379	"gene-fbxw8"
98.0343791899407	0.716242693915631	0.210055799458008	3.40977347811249	0.000650168564089321	0.00424547017998379	"gene-g13282"
841.674169139523	-0.339120234680355	0.0994521151599014	-3.40988458752345	0.000649903754161408	0.00424547017998379	"gene-nif3l1"
59.4364052321528	0.8845032412708	0.259455738364524	3.40907180101799	0.000651843208443002	0.00425290750254172	"gene-egfra_ChrAur1"
15.6489924752631	1.6145128554053	0.473664540246909	3.40855757233526	0.000653073028735263	0.00425817883198232	"gene-LOC119005122"
51.8207690542284	0.881228523278702	0.258541614228186	3.4084591214045	0.00065330872821781	0.00425817883198232	"gene-manea"
619.191055954031	0.539276769329249	0.158225351554741	3.40828295864254	0.000653730673531975	0.0042587856905999	"gene-grpel1"
531.824967743145	-0.359380674472149	0.105481442691851	-3.40705118645398	0.000656688104853191	0.00427590128001693	"gene-dus3l"
229.308215999663	-0.585358226362158	0.171854722832902	-3.40612243127768	0.000658926227375561	0.00428831837725673	"gene-g2312"
633.92834669447	-0.618680620179925	0.181669394660073	-3.40553025641747	0.000660356956545349	0.00429547109202351	"gene-micall2b"
321.132915867328	0.403640644078794	0.118557020700808	3.40461190482702	0.00066258146239529	0.00430561591544476	"gene-g11786"
182.417479593935	0.823164021122803	0.241776029072503	3.40465522690819	0.000662476367728637	0.00430561591544476	"gene-hdac4_ChrAur1"
17224.8707161757	-0.60291493941793	0.17713946799539	-3.40361719633041	0.000664998785742423	0.00431915710840026	"gene-fabp4b"
248.244707453961	0.504691194809252	0.148304299295815	3.40307865116284	0.000666310968004231	0.00432117844097286	"gene-ankfy1"
1114.78479556014	-0.622810934435758	0.183011111263205	-3.40313181061469	0.000666181336318343	0.00432117844097286	"gene-sec24b"
32.9587879002754	1.14356292747089	0.336024193745715	3.4032160444265	0.000665975976439815	0.00432117844097286	"gene-wscd2"
380.682927160264	-0.381415735175124	0.112113722619085	-3.40204326700501	0.000668840479965617	0.00433541193995731	"gene-znf143b"
274.620694568536	0.426884746214185	0.125556261772102	3.3999478814448	0.000673986985700128	0.00436658601891063	"gene-galnt2"
87.5198570950631	0.575901443601571	0.169458331741809	3.39848408562778	0.000677604051533285	0.00438692937001353	"gene-atg9b"
752.584833954916	-0.287629397767982	0.0846390749285026	-3.39830507376117	0.00067804762931963	0.00438692937001353	"gene-sass6"
215.927656064478	-0.38065250530079	0.112013729119955	-3.39826651867961	0.000678143201201999	0.00438692937001353	"gene-tmem237b"
180.663594844465	0.71043267205395	0.209077141467263	3.39794521327521	0.000678940153097427	0.00438989212319759	"gene-g16357"
1796.56833224774	0.441974524374768	0.130078662082959	3.39774808025695	0.00067942954409029	0.0043908642841883	"gene-pkma_ChrAur1"
194.535005678307	-0.62961251709417	0.185330794198567	-3.39723638382292	0.000680701382697721	0.00439688957970982	"gene-ogfod1"
260.872528268441	-0.523176973858785	0.154020979630057	-3.39679032762551	0.000681811875421889	0.00440186719770134	"gene-chm"
1093.65490351248	-0.371871209354891	0.109537548169374	-3.39491996643817	0.000686486649949446	0.00442983986222983	"gene-iqgap3"
1705.51827815228	-0.319137224853771	0.0940105419984473	-3.39469614864088	0.00068704805091871	0.00443125463518337	"gene-rad21b_ChrAur2"
605.319866428031	-0.656049416636738	0.193286804901308	-3.39417590855059	0.000688354615462773	0.00443747168982497	"gene-pgghg"
589.199781432577	-0.376128271953008	0.110833407967749	-3.39363625868524	0.000689712367005985	0.00444401237069378	"gene-tatdn2_ChrAur2"
21.8534624294475	1.62796538461979	0.479769744230023	3.39322227839208	0.000690755622382175	0.00444852116632101	"gene-cox4i2"
195.249592283567	0.492915865138968	0.145285190395845	3.3927468023132	0.000691955660443762	0.00445403467117652	"gene-ptpn21"
181.412050513604	-0.495621413619863	0.146096158800828	-3.39243288590182	0.000692749005130558	0.0044569261626656	"gene-otud3"
490.159255101423	0.415448040844218	0.122468338578169	3.39228935141506	0.000693112033973346	0.00445704764249693	"gene-cth"
1485.7046794321	-0.297053654221545	0.0875848513241708	-3.39160996143139	0.000694832754177023	0.00446589528503555	"gene-zgc:113436"
231.011757486186	-1.13224629725925	0.333867862737794	-3.39130064204015	0.0006956174952406	0.00446872131987153	"gene-ptchd1"
98.7658546185475	-0.588949537953699	0.1736864474186	-3.39087791078067	0.000696691293504278	0.00447340056627363	"gene-pyroxd1"
666.368995939111	-0.473543990699457	0.139666644800596	-3.39053029716253	0.00069757543612836	0.00447685801451853	"gene-cracr2b"
4495.78115975653	-0.288693945409457	0.0851880027699756	-3.38890378952759	0.000701726270746021	0.00450126643508257	"gene-slc25a3b"
38.8748834898389	1.36296465628195	0.402246048118156	3.3883854488027	0.000703053887450541	0.00450754994869899	"gene-stat6"
457.480932528522	-0.350106203131727	0.1033334734354	-3.38811995273339	0.000703734801312589	0.00450968303404223	"gene-gtf3c5"
221.065458703787	0.654932846448445	0.193353177787693	3.38723600998987	0.000706006255474827	0.00452200149092704	"gene-ly75"
1640.00214157297	-0.74555308786349	0.220139145684904	-3.38673562824958	0.000707295096745378	0.00452801720116134	"gene-kmt2e"
461.798689279716	-0.819751512653936	0.242079133756584	-3.38629562958621	0.000708430214470877	0.00453304333380056	"gene-g11573"
22.5454323624222	1.21497508845676	0.35895584639667	3.38474801470186	0.000712436245279245	0.00455192985328638	"gene-ap1ar"
295.030071561003	-0.592528090377951	0.175052575444647	-3.38485788554029	0.000712151149866513	0.00455192985328638	"gene-cfl2"
795.052149211365	-0.418329520392043	0.123592071441742	-3.38476016715387	0.00071240470659829	0.00455192985328638	"gene-ddb2"
60.7163835526278	0.781608082341926	0.230984525113084	3.38381145645697	0.000714870756679086	0.0045651455037971	"gene-mfsd8l1"
5921.39363072663	-0.538444864413142	0.159129898440974	-3.38368131751726	0.000715209653864899	0.0045651455037971	"gene-slc3a2a_ChrAur1"
588.413434558014	-0.324343111483659	0.0958618504122437	-3.38344304943891	0.000715830518975871	0.00456685766071749	"gene-lman1"
13.6928182438081	1.35121236160281	0.399392825621214	3.38316633379967	0.00071655219696955	0.00456921098126669	"gene-atp11a_ChrAur1"
15.4511612360339	-1.14213322424374	0.337646782436687	-3.38262730064043	0.000717959943787474	0.00457593466141318	"gene-fam184b"
624.813583099379	0.375518978804683	0.111036943067907	3.38192828827271	0.00071978932130748	0.00458533767843245	"gene-tmem214"
246.814397744891	0.558886308752447	0.165289108594942	3.38126518742415	0.000721528716875001	0.00459415851142976	"gene-kmt2bb"
417.864846720364	-0.295054418911072	0.0872686697813303	-3.38098907260065	0.000722254151117856	0.00459651769588568	"gene-cwf19l1"
140.422893254694	0.63575890512704	0.188055568221921	3.3806970521436	0.00072302211132285	0.00459914507060031	"gene-unc50"
139.389061242976	0.75821492781781	0.224288170701724	3.3805390870397	0.00072343784664718	0.00459953046240924	"gene-polr1g"
106.470185724788	-0.692963442609849	0.205010687743327	-3.38013325177192	0.000724506949394414	0.00460406746889453	"gene-g3741"
129.460352137276	-0.467370408007457	0.138299760121827	-3.37940143638539	0.000726438500782121	0.00461407799099032	"gene-gtf2a2"
111.139468859957	0.832322128760101	0.246330848753332	3.3788789872338	0.000727820376983309	0.00462058906976021	"gene-trib2"
27.2919491317046	0.967840361666863	0.286571784109505	3.37730514772882	0.00073199794879372	0.00464483362803894	"gene-paqr6"
63.8477747550188	0.5963682826717	0.176668275899407	3.37563877632035	0.000736445404261615	0.00467076612663672	"gene-alg6"
272.896045713608	0.413809539318449	0.12259753424851	3.37534960923147	0.000737219726505771	0.00467110209294337	"gene-gys1"
1213.80669020276	-0.380622636529669	0.112763357427544	-3.37541064059074	0.000737056235782136	0.00467110209294337	"gene-sgo1"
532.503918676448	-0.353366626460337	0.104695422668508	-3.37518697048663	0.000737655567452369	0.00467157811935239	"gene-snrpa1"
514.396792255349	-0.366889826755483	0.108722913752526	-3.3745400494931	0.000739391563167576	0.00468028354573963	"gene-fam76b"
1509.60600222203	-0.490004866453157	0.145225633945663	-3.37409349258889	0.000740592099901683	0.00468559271413126	"gene-lemd1"
196.750642643334	-0.462751958875545	0.137171918670394	-3.37351816145021	0.000742141505976129	0.00469310285346526	"gene-tiprl"
122.746064345338	-0.499107775250287	0.147997524124349	-3.37240624938383	0.000745144496270501	0.00470979325095132	"gene-chmp5b_ChrAur1"
682.103843876471	-0.355631497340877	0.105477367695064	-3.37163796473394	0.000747226025144992	0.00472064597641599	"gene-klc1b"
307.777381605829	-0.682760181096953	0.202618511476444	-3.36968313567109	0.000752546656954522	0.00474495995624481	"gene-cnot2_ChrAur2"
221.552394643921	-0.374961778128453	0.111288290996446	-3.36928328012897	0.000753639304300485	0.00474495995624481	"gene-fam151a"
50.8656363918481	-1.08855739636585	0.323021990805692	-3.36991730392947	0.000751907450751213	0.00474495995624481	"gene-g11424-2"
5443.19581144696	-0.412635851970432	0.122466999725402	-3.36936360730361	0.000753419683665249	0.00474495995624481	"gene-g14761"
519.198443241695	-0.381891795202122	0.113344733503532	-3.36929457062267	0.000753608431637447	0.00474495995624481	"gene-mbd3a"
15.6761517579483	1.45160800957801	0.430781937793646	3.3697049068788	0.000752487207088006	0.00474495995624481	"gene-mef2aa"
26.3824869350686	0.945085225142008	0.280449418602038	3.36989546939693	0.000751967030884076	0.00474495995624481	"gene-trpv1"
16.2415386339109	1.50003203402322	0.445279199751741	3.36874490175949	0.000755112807068655	0.00475192709637811	"gene-ptprdb_ChrAur2"
416.990091552997	-0.632769092705308	0.187865123985422	-3.36820948604814	0.000756580854065286	0.00475885315250098	"gene-srsf3a_ChrAur1"
1898.04512245789	-0.34137884639773	0.101368901861114	-3.36768811864467	0.000758012928689588	0.00476554632983439	"gene-dusp11"
111.9379721778	0.567878132535231	0.168632322881875	3.36755209695489	0.000758386962313075	0.00476558444877081	"gene-rnf103"
120.134403301292	0.825913421756443	0.245341740158582	3.36637957007477	0.000761618300022346	0.00478124992903025	"gene-mettl15"
77.0269919554481	0.582865094991681	0.173136960892709	3.36649720537069	0.000761293535832621	0.00478124992903025	"gene-slc38a6"
95.3376921903666	0.638235540805264	0.189604675008347	3.36613820717852	0.000762285050642578	0.00478311709829071	"gene-asb6"
105.944071403328	0.635195270524	0.188786244843549	3.36462686172077	0.000766472389410428	0.00480706242869465	"gene-trim8b"
328.650190058969	-0.780426904903798	0.231999901974256	-3.36391049419667	0.000768464610887618	0.0048172241895477	"gene-dhx9"
789.446060295323	1.52033844434508	0.452244382598209	3.36176302646485	0.00077446557245536	0.00485249328924498	"gene-krt94"
1056.43389202091	-0.585846558619664	0.174333709903773	-3.36048925330065	0.000778045575495376	0.00487209720874365	"gene-chd4b"
76.1542312361513	0.885952737926279	0.263646409884572	3.36038233296695	0.000778346778232616	0.00487209720874365	"gene-hsd3b7"
32.6145820556087	1.21039959993348	0.36034118098292	3.35903766711263	0.000782144056656719	0.00489350129360443	"gene-slc22a17"
36.2693283068124	1.58509346635083	0.471976411291566	3.35841670988009	0.000783903410944921	0.00490214054811573	"gene-plod2"
60.2288041953733	0.540907327888526	0.161093263751974	3.35772778631718	0.000785859631971563	0.00490847406089997	"gene-fkbpl"
34.0238389455111	0.928216252982612	0.27642992538288	3.35787180674072	0.000785450307030283	0.00490847406089997	"gene-g12035"
751.542315208804	-0.529911017444193	0.157821537936707	-3.3576596982391	0.000786053216145977	0.00490847406089997	"gene-g12870"
308.868197988139	0.680485002803757	0.202706379756012	3.35699845077803	0.000787935541157107	0.00491785696073527	"gene-mgrn1b"
33.1697236733426	1.12765311827379	0.335966074461577	3.35644936793389	0.000789501753845542	0.00492525877362891	"gene-LOC119031168"
317.759936359189	0.626095970600823	0.18658926438593	3.35547692232628	0.000792282665700881	0.00493721377223763	"gene-samtor"
105.277128864022	0.912113643393883	0.271818454181647	3.35559867022254	0.00079193400492375	0.00493721377223763	"gene-senp8"
37.2587481842596	0.97427928127386	0.290363364654683	3.35537949986401	0.000792561766078451	0.00493721377223763	"gene-soul4"
877.081324903234	-0.462241081338894	0.137772699397031	-3.35509925668811	0.000793365128566017	0.0049398422019512	"gene-lmf2a"
203.781155267235	0.86057799987837	0.256660079607558	3.35298734884764	0.000799443606479459	0.00497385139130555	"gene-bambia"
61.911856395968	0.863836104926328	0.25763581651713	3.35293483881304	0.000799595289684052	0.00497385139130555	"gene-sbno2a"
276.100786540505	1.20938557909168	0.360766427200995	3.35226752798118	0.000801525246142064	0.00498129814580823	"gene-gapdhs"
2812.67987753405	-0.479141068241073	0.14293097518008	-3.3522549443002	0.000801561681404089	0.00498129814580823	"gene-mtus1a"
1312.83564550897	-0.555132530034557	0.16561251367222	-3.3519962817138	0.000802310963355146	0.00498356320691247	"gene-rbm44"
944.497865825322	-0.364291838274873	0.108727330359288	-3.35050844227551	0.000806633505546179	0.00500801080073277	"gene-kat8"
196.476080082784	-0.510256560611998	0.152312068151259	-3.3500730887934	0.000807902396082151	0.00501113425051526	"gene-rufy1"
89.9592379674128	0.529504428642532	0.158057705419627	3.35007032549759	0.000807910455955205	0.00501113425051526	"gene-shisa4"
172.138905827384	0.675096051777495	0.201548845067386	3.34954066123169	0.000809456738497435	0.00501832179046447	"gene-acad8"
186.13836554764	-0.752897494810835	0.224788749600263	-3.34935576691314	0.000809997158533774	0.00501926947376598	"gene-etv6"
117.180131537941	0.471985596847912	0.140930668605522	3.34906235468905	0.000810855448351136	0.00501978437456767	"gene-insra_ChrAur1"
388.758366851351	-0.449120899523714	0.134100256488679	-3.34914273308365	0.000810620241482151	0.00501978437456767	"gene-tprg1"
5013.46210195596	-0.452802327910637	0.13528651265013	-3.3469879520189	0.000816947608880438	0.00505025703227234	"gene-elapor2b_ChrAur2"
591.96344839019	0.608087943571302	0.181681778334619	3.34699466917004	0.000816927813420071	0.00505025703227234	"gene-smg7"
168.954261159573	-0.607346811723919	0.181456652910811	-3.3470627942335	0.000816727073839811	0.00505025703227234	"gene-trnap-agg_ChrAur3"
215.647999772518	-0.593519999639775	0.177387239614747	-3.3459001951256	0.000820159108952579	0.00506769113551758	"gene-xrcc3"
149.860261983772	0.851274667984839	0.254540228404657	3.34436200250249	0.000824720474325584	0.00509344533285199	"gene-jun"
49.5078318209577	1.24362067124341	0.372007964408179	3.34299474803413	0.000828794684362949	0.00511616775842924	"gene-dsc2l"
34.159388156097	1.23264965283152	0.368782377915541	3.34248523424247	0.000830317727434958	0.00512312762649363	"gene-g4712"
68.6376479428451	-0.846929960594632	0.253403020784618	-3.34222519515459	0.000831096038851237	0.00512548799960113	"gene-g5317"
8530.22207549949	-0.94210450828503	0.281917798011256	-3.34177024271244	0.000832459364778614	0.00513145227665294	"gene-h3f3c_ChrAur2"
7052.04471521682	-0.290023250189554	0.0868014093122457	-3.34122743498634	0.000834088674903219	0.00513804861748264	"gene-ddx61_ChrAur1"
509.237300832291	-0.539462571685939	0.161460172880686	-3.34114947396089	0.000834322928157362	0.00513804861748264	"gene-wbp11"
609.502072943947	-0.443912810795969	0.132904885289961	-3.34007895817731	0.000837545737075822	0.00515481129249457	"gene-g18296"
412.832340227422	-0.458047832091162	0.137140845591105	-3.33998109838744	0.000837840921218521	0.00515481129249457	"gene-zmat2"
212.765516220624	0.543733456960606	0.162864997989735	3.33855318006928	0.000842159083600648	0.00517891846709971	"gene-herc4"
175.780885714525	0.6365974599659	0.190706009492566	3.33810906987027	0.00084350631828322	0.0051847414941082	"gene-rragca_ChrAur1"
24.4239826688381	0.954413845547474	0.285934485872131	3.33787595657239	0.000844214281070888	0.00518663147730032	"gene-rab3da_ChrAur1"
1370.40676667631	-0.346269339392316	0.103746132780907	-3.33766021065648	0.000844869990308954	0.00518819878828415	"gene-prep"
757.786789359606	-0.451579588344043	0.135313520726441	-3.33728356131526	0.000846015860152905	0.00519031331351979	"gene-hrob"
23.5540069706977	-1.01923532346307	0.305406679947706	-3.33730527321011	0.000845949767527549	0.00519031331351979	"gene-nlrb5_ChrAur6"
33.6641924697013	0.766633586756958	0.229730363788803	3.3371016965861	0.000846569658033277	0.00519125172404781	"gene-gpm6bb"
1459.05236190048	-0.324100784090301	0.0971283155525048	-3.33683110065984	0.000847394274381438	0.0051938491469541	"gene-ndc1"
210.133843481548	-0.593404977784319	0.177862428237071	-3.33631438447121	0.000848970989576513	0.00520105169631288	"gene-mysm1"
153.195706322617	-0.389887087652391	0.116881789124145	-3.33573853184497	0.000850731360067748	0.0052093720303723	"gene-maneal_ChrAur2"
22.0893245945473	1.14286949102673	0.342640021923089	3.33548160723405	0.000851517865308093	0.00520945381708925	"gene-kdf1b"
42.613727024074	1.4914234873908	0.447140244906677	3.33547137476314	0.000851549203210404	0.00520945381708925	"gene-selenbp1"
761.435807442664	-0.45971546082641	0.137922028856712	-3.33315471529215	0.000858671788148153	0.00525054689721753	"gene-tmx2b_ChrAur2"
195.978658511149	0.70916592501465	0.212792426773808	3.33266524456001	0.000860183721126025	0.00525730975568813	"gene-ankrd50"
2171.32573030259	-0.403974870778225	0.121233201719752	-3.33221316477373	0.000861582349312715	0.00525953975502296	"gene-g18238"
67.9052951755378	1.38630778530149	0.416072321844955	3.3318913864645	0.000862579139809186	0.00525953975502296	"gene-itga5_ChrAur1"
278.02116693517	0.556295461943908	0.166959848674827	3.33191163240304	0.000862516391332646	0.00525953975502296	"gene-LOC119029127"
1335.14843576214	-0.381863040794119	0.11460648834071	-3.33194958089013	0.000862398788540202	0.00525953975502296	"gene-prpf40a"
18.6507985411894	1.44688053265879	0.434205516576342	3.33224815766339	0.00086147401431843	0.00525953975502296	"gene-slc38a5b_ChrAur1"
662.452601649781	-0.336257722993698	0.100926108210777	-3.33172188004563	0.000863104659160003	0.00526017824628117	"gene-g15764"
93.8772163335476	-0.848938221391997	0.254814301701881	-3.33159565896427	0.000863496174163675	0.00526017824628117	"gene-g2487-2"
23191.4321143543	-0.635232120115129	0.190685148160741	-3.33131408629502	0.000864370155254201	0.00526302674221775	"gene-lrp13"
143.764222377501	0.737972035144846	0.221563556056437	3.33074648322069	0.000866134447763672	0.00527129099294517	"gene-chpf2"
294.716301486912	0.728244829432483	0.21866071093859	3.33047865026383	0.00086696811757353	0.00527388637421079	"gene-g18310"
269.190584999981	0.502483793733571	0.150881568236585	3.33031926700065	0.00086746457467959	0.00527442897027012	"gene-pex10"
571.109277240203	-0.337515685539822	0.101357574097063	-3.32995031251052	0.00086861482909544	0.00527894446345145	"gene-naa10"
18.3395396061121	0.923817204002539	0.27745670237676	3.32959051300222	0.000869737903755074	0.00528329061516508	"gene-g17585"
35.0946453063782	1.6226053842405	0.487370262985779	3.32930732027006	0.000870622805498081	0.00528618657009173	"gene-rbpms"
572.526286863952	-0.611948285641709	0.183880595786598	-3.32796553667851	0.00087482688016335	0.00530425230570953	"gene-ccdc77"
143.47004574651	-0.649396009701672	0.195129490626366	-3.32802595659482	0.000874637168591873	0.00530425230570953	"gene-dgkza_ChrAur1"
290.03682478344	-0.512522411246913	0.153997232500798	-3.32812741452517	0.000874318688186537	0.00530425230570953	"gene-rab14l"
525.951530604694	-0.481285821664062	0.144783441970044	-3.32417723404891	0.000886798185652631	0.00537432068431784	"gene-ctdspl2b"
1611.44931499672	-0.70519548981186	0.212154612663228	-3.32396963214408	0.000887458591242757	0.0053758073971866	"gene-lrmp"
1802.79927635719	-0.273247200376111	0.0822469838427414	-3.32227624174727	0.000892862512077177	0.00540601327438594	"gene-znf451"
124.525693058649	0.429643572817707	0.12936690572388	3.32112428919601	0.000896556019499614	0.00542583972361659	"gene-gnai2a"
61.2455074175759	0.901967811638295	0.271711874031831	3.31957451197966	0.000901547417584166	0.00545349864789002	"gene-ripk1l"
18.7327793883123	-1.19672538250174	0.360566523470951	-3.31901411972914	0.000903358615370255	0.00546190356099915	"gene-col7a1"
1335.33839455019	-0.264413259362806	0.0796983395052898	-3.31767588890928	0.000907697452403314	0.00548557615775797	"gene-ranbp3b"
21.6846833342265	1.43108946147804	0.431431103087591	3.31707531338438	0.000909650921394288	0.00549481766929917	"gene-katnal1"
61.6693152078124	0.772277807824878	0.232847733883965	3.31666447829692	0.000910989472348857	0.00550033783514688	"gene-chmp3"
1353.67999401799	-0.31852585785997	0.0960436554118746	-3.31646954183492	0.000911625237506145	0.00550161158012213	"gene-ruvbl2"
48.9838893561713	0.715419876115771	0.21577261511087	3.31561943459863	0.000914402583869567	0.00551395472310104	"gene-ptpn11a"
59.8395601479222	0.770228744615654	0.232305679303875	3.31558292902574	0.000914522024957225	0.00551395472310104	"gene-uap1"
145.14218110468	-0.588606611350905	0.177540237921181	-3.31534202185883	0.000915310601832452	0.00551614127702749	"gene-g13511"
297.61172331029	-0.583135386930626	0.175990945564899	-3.31343970599661	0.00092155974306362	0.00555121871275206	"gene-zbtb40"
228.301154521277	0.650237884486644	0.196264275062466	3.31307307088714	0.000922768680542006	0.00555364434209277	"gene-klhdc3"
6311.79380590444	-0.285012746075363	0.0860271052424772	-3.31305749823875	0.000922820062094328	0.00555364434209277	"gene-pcna"
25.7467545672655	1.18535039479787	0.357813742309278	3.31275816056642	0.0009238082344144	0.00555700903107334	"gene-g9864"
88.3103307852809	0.925121189210852	0.279348317427905	3.31171205085067	0.000927269353369303	0.00557523927367031	"gene-LOC119026823"
52.341758602741	1.5789422732153	0.476925575024632	3.31066807045051	0.00093073540221996	0.0055934822246639	"gene-grna.1"
21.1952688940191	1.31605571108377	0.397597865538106	3.31001704272892	0.000932902908065611	0.00560390796027724	"gene-nrp1a_ChrAur1"
702.70029010913	-0.395007696688081	0.119370120064956	-3.30910027126668	0.000935963100991847	0.00561968387619166	"gene-rpap2"
127.529692253219	-0.765188064093198	0.23126527335848	-3.30870282849209	0.000937292656842878	0.00562505894289718	"gene-g13193"
151.022874837643	-0.709597838905515	0.21456403713625	-3.30716110852685	0.000942466711309085	0.00565087332322405	"gene-g11020"
77.0225261355293	-0.860970552813811	0.260332946162452	-3.30719014056926	0.000942369035028472	0.00565087332322405	"gene-g13494"
1374.15323777921	-0.386556986479794	0.116895524177382	-3.30685874587649	0.000943484546980219	0.005651935114553	"gene-clk4a"
1716.98188014372	-0.672058636244493	0.203232318979654	-3.3068492236797	0.000943516617841371	0.005651935114553	"gene-kdm6a_ChrAur1"
652.098919906007	-0.421103220166484	0.127377105516625	-3.3059568943614	0.000946526478057617	0.00566734369732972	"gene-g18885"
841.446824520566	0.33430046597179	0.101125026908538	3.30581336976205	0.000947011421430032	0.00566762704202419	"gene-grnb"
98.3163104139533	0.743044216538922	0.224797058195741	3.30540009065386	0.00094840910176949	0.00567337010485758	"gene-cfap263"
1284.48882770451	-0.401713254319474	0.121545837733221	-3.3050350535342	0.000949645220171724	0.00567552157196308	"gene-g1852"
504.623874116249	-0.516838334981274	0.1563751637435	-3.30511778602537	0.00094936493396059	0.00567552157196308	"gene-srsf11_ChrAur2"
364.43204908365	-0.415427008895408	0.125738755947675	-3.30388992450574	0.000953532639854538	0.00569217382683686	"gene-cpt2"
270.424029470869	-1.39289740093353	0.421587615412099	-3.30393339370744	0.000953384804308262	0.00569217382683686	"gene-fmn2a"
44.9691696080443	0.868119463125776	0.262761859300122	3.30382600213764	0.000953750073680488	0.00569217382683686	"gene-znf618"
2445.02252398242	-0.614991873656163	0.186157653797838	-3.30360778141321	0.000954492703980449	0.00569398204018922	"gene-taf15"
1340.65093478649	-0.765432949482607	0.231723185514907	-3.30322124556399	0.000955809444793423	0.00569921184139946	"gene-hexb"
143.09113533501	-0.67377892866629	0.204038177529792	-3.30221989249003	0.00095922839969874	0.00571696594776732	"gene-cpsf3"
1567.283168917	-0.505578457589448	0.153111105577096	-3.30203648967104	0.00095985582434331	0.00571807395633404	"gene-nrd1a"
2083.16642659121	-0.598233282292128	0.181181368231986	-3.30184769068607	0.000960502106404071	0.00571929323220189	"gene-txnb"
521.279363462855	-0.591977038843025	0.179311503804259	-3.30138907032559	0.000962073699059463	0.00572076054936598	"gene-aatf"
272.050568664046	-0.762431705791875	0.2309417598687	-3.30140251042233	0.000962027608904134	0.00572076054936598	"gene-ifi44f4_ChrAur2"
47.6807946413211	1.68889710043269	0.511555026023149	3.30149644616387	0.000961705531935825	0.00572076054936598	"gene-myofl_ChrAur1"
16.7621221692625	1.87860996694331	0.569118297643829	3.30091296435349	0.000963707730407516	0.00572521964059988	"gene-dusp5"
305.546312171859	-0.713251178053269	0.216076832573124	-3.30091463096532	0.0009637020059906	0.00572521964059988	"gene-g1836"
4578.08222216197	-0.329928213341674	0.0999586220203638	-3.30064787482225	0.000964618651146258	0.00572800373727427	"gene-gars1_ChrAur1"
713.955420222437	-0.460027310911786	0.139455559317453	-3.2987376994028	0.000971206153462312	0.00576447795302035	"gene-gpatch1"
5788.13408161174	-0.38455405485272	0.11658789818608	-3.29840455858423	0.000972359292965795	0.00576603718095238	"gene-exd2"
208.394911276083	0.609515363899303	0.184788779888861	3.29844357577278	0.000972224172658785	0.00576603718095238	"gene-ncln"
14.9104666505949	1.61392711209849	0.489355401840764	3.29806742916809	0.000973527529340191	0.00577032266932944	"gene-g19396-2"
3916.75886646641	-0.421313428367927	0.127775276822839	-3.2973000633924	0.000976191488503494	0.00578346567594179	"gene-ybx1"
1586.68791647002	-0.30326661527124	0.0920010680531917	-3.29633798485798	0.000979540942254021	0.00580065603252484	"gene-riox1"
103.219165785811	0.647867204167226	0.196561618278939	3.29600056124814	0.000980718193065349	0.00580497318025107	"gene-znf593"
17.8650123950001	1.99609666915441	0.605658372454706	3.29574684333071	0.000981604262495094	0.00580756363799633	"gene-bpifcl"
85.0818866108673	0.678037364791536	0.205805924680169	3.29454735496674	0.000985803329745166	0.00582974380069847	"gene-agap1"
44.9176919063506	0.692797810413602	0.210353127588587	3.29349897648582	0.000989487018893204	0.00584885731706339	"gene-rnf11b_ChrAur2"
363.679120548382	-0.579924945174553	0.176172009898876	-3.29181091540838	0.000995445153085857	0.00587870961131552	"gene-arl13b"
1597.77194632197	-0.514614933385252	0.156329544265971	-3.2918597428373	0.000995272347663833	0.00587870961131552	"gene-pds5b"
95.8439791372774	0.575330508833644	0.174786778766276	3.29161343263253	0.000996144348869215	0.0058801574577052	"gene-LOC119006820"
332.259479700889	-0.850590872258674	0.258476296733617	-3.29078868355687	0.00099906932380875	0.00589144285463087	"gene-eif4a2"
21.4722829369544	-1.20547383776254	0.366328626016088	-3.29068970359309	0.00099942089040414	0.00589144285463087	"gene-fgf8b"
253.207802431695	0.68685863947696	0.208715965148736	3.29087733651562	0.000998754534867276	0.00589144285463087	"gene-LOC119026820"
471.01303348223	-0.308089725451566	0.0936589233350169	-3.28948608932362	0.00100370517789135	0.00591400625972286	"gene-mettl1"
998.891544533752	-0.711278577558409	0.216273682616347	-3.28878931987376	0.00100619310532311	0.00592596948933131	"gene-g15760"
42.8578609102669	0.874379519491365	0.265934132445894	3.28795522202951	0.0010091788928805	0.00594085265531607	"gene-g3405"
737.261633706107	-0.405166278553878	0.123234638331608	-3.28776295398076	0.00100986830948266	0.00594167290227524	"gene-coil"
103.96621696681	-0.675627263273125	0.205503962310592	-3.28766051844782	0.00101023579112115	0.00594167290227524	"gene-plekhg5b_ChrAur1"
809.277304382526	-0.41638103022029	0.126697443431836	-3.28642014346805	0.00101469540069696	0.0059651929797668	"gene-ttc5"
2687.54635707844	-0.486275475948792	0.148009009890544	-3.28544509762214	0.00101821383796616	0.00598044780748289	"gene-atxn7l2a"
254.861185706191	0.627343552603792	0.190942967991235	3.28550225862515	0.00101800726221409	0.00598044780748289	"gene-si:dkey-28e7.3"
9.75634033050747	-1.42160864657504	0.432749231324779	-3.28506336619723	0.0010195943829097	0.00598584172849664	"gene-maptb"
110.643789139252	-0.881114989165187	0.26831153349691	-3.28392513613409	0.00102372112267212	0.00600734583585256	"gene-g21496"
249.09564589426	-0.483950830107939	0.147470242265911	-3.28168464818349	0.0010318893806838	0.00605059761256575	"gene-nfkb2_ChrAur1"
36.1959555537419	1.37007253429272	0.417495366012994	3.28164728479905	0.00103202610811194	0.00605059761256575	"gene-tet3"
619.691751199833	-0.584929732416369	0.178278484116719	-3.28098892760057	0.00103443805004786	0.00606199420188681	"gene-pcif1"
15.7164725330689	1.3857323434738	0.422541896062604	3.27951466206439	0.00103985806630905	0.00608824675260783	"gene-g11482"
49.8297356705423	-0.642886534203292	0.196029044887092	-3.27954734755545	0.00103973761646888	0.00608824675260783	"gene-nr2c2"
69.1074136731474	0.785237804793265	0.23945880808311	3.27921871439671	0.00104094925580873	0.00609188152371388	"gene-LOC119019272"
718.447466696672	0.352633346892156	0.107542247999717	3.27902153294287	0.00104167687217486	0.00609338625633994	"gene-pgd"
48.4686928052872	-0.807952249388439	0.246501339387429	-3.27767894241975	0.0010466436707957	0.00611967592797973	"gene-lrwd1"
1103.20541913422	-0.303842521812744	0.092706029064694	-3.27748394444454	0.0010473668688058	0.00612075653509465	"gene-psma3"
310.20329203045	-0.617955133891165	0.188551894517873	-3.27737430308655	0.00104777370383019	0.00612075653509465	"gene-ttc1"
46.683262065141	0.734621068821108	0.224160119210415	3.27721573047314	0.00104836236175389	0.00612143415107063	"gene-tmem106bb_ChrAur1"
35.9389793340939	0.898580995183134	0.274284267340688	3.27609382738313	0.00105253587254384	0.00614148319550958	"gene-cpne3_ChrAur2"
655.270191160307	-0.357622094630134	0.109162991288287	-3.27603788069252	0.0010527443976551	0.00614148319550958	"gene-mybbp1a"
344.351692452881	-0.566577678167423	0.17295601512429	-3.2758483580942	0.0010534510724279	0.00614283873886253	"gene-psme3ip1"
23.4017837938258	1.97929276840678	0.604267649371558	3.27552330571602	0.00105466412041335	0.00614714447501048	"gene-slc38a2"
312.779699078935	0.542749509729091	0.165711099915394	3.27527552473067	0.00105558967074987	0.00614977140165611	"gene-hif1ab"
90.6951783482182	-0.638291611403216	0.194953044306278	-3.2740787078987	0.00106007079870702	0.00617310113042027	"gene-fus"
569.68178827612	-0.391227141380773	0.119506213533603	-3.27369707241848	0.00106150341688	0.00617866550652263	"gene-g20964"
44.9477983895818	-0.59250945804226	0.181020659223199	-3.27315932106784	0.00106352511733075	0.00618765219880979	"gene-g7693"
43.2264246323843	0.792833005818898	0.242235007809782	3.27299102217909	0.00106415857608926	0.00618855757473374	"gene-acox1"
369.025049666917	-0.411359565946251	0.125704497607057	-3.27243315694344	0.00106626081722413	0.00619244118559179	"gene-exosc7"
18.0306272747425	1.01481420408815	0.310090198975335	3.27264198430494	0.001065473429524	0.00619244118559179	"gene-nlrx1"
31.048956186246	0.796964093318835	0.243530659385357	3.2725411056262	0.00106585372739419	0.00619244118559179	"gene-tlnrd1"
194.127701859989	-0.392961298347177	0.120092916780706	-3.27214384395992	0.0010673525670525	0.0061960031805903	"gene-rpp38"
33.1118260320214	1.90687402108098	0.582862674619354	3.27156653550734	0.00106953418612371	0.00620588586222588	"gene-sorbs3"
470.106228466578	-0.690049285963238	0.211019691416572	-3.27007058597682	0.00107520651031881	0.00623600515680199	"gene-ddit3"
1951.51615979417	-0.304271143355134	0.0930539320571055	-3.26983649834817	0.00107609663486384	0.00623837400094968	"gene-cfl1"
122.934519266757	0.718289464055107	0.219760638868539	3.26850826314165	0.00108116020482095	0.0062625207074251	"gene-g18946"
50.5606187628629	1.28332582740016	0.392635658273454	3.26849026663386	0.00108122896315362	0.0062625207074251	"gene-LOC119029398"
55.4110461609699	-0.90710479439298	0.277581924741882	-3.26788134795332	0.00108355781247176	0.0062704009067568	"gene-epha7_ChrAur3"
3081.62514113256	-0.328619370402429	0.100559431905587	-3.26791196186312	0.00108344061689595	0.0062704009067568	"gene-g5973"
32.0262044287258	1.40459872696649	0.429926407089512	3.26706781394344	0.00108667646672061	0.00628563953572965	"gene-g18643"
166.323477935725	0.475258085478751	0.145478218482675	3.26686764819951	0.00108744506666637	0.00628727725821256	"gene-g15495"
109.225538135343	0.793215053869042	0.242820479758929	3.26667278911788	0.00108819377294099	0.00628879855125338	"gene-pptc7a"
90.072145884642	0.48087004346434	0.147228737998495	3.26614253440966	0.00109023358306461	0.00628891379426726	"gene-appl2"
33.882833436936	-0.909968639687202	0.278582162944992	-3.26642822378719	0.00108913414003	0.00628891379426726	"gene-dnai4_ChrAur1"
2735.77259177307	-0.330142953117561	0.101080595390538	-3.26613581807676	0.00109025944245173	0.00628891379426726	"gene-eif2s3"
832.625885739714	-0.326099607840037	0.0998456698086061	-3.26603655887268	0.00109064167878343	0.00628891379426726	"gene-rae1"
41.7818628358659	0.855114296132927	0.261812474678071	3.26613274323307	0.00109027128147848	0.00628891379426726	"gene-slc44a1a"
844.256029176984	-0.338017448662565	0.103509801674607	-3.26555981360254	0.00109247930045485	0.00629670646203418	"gene-dbnlb"
103.443658125851	-1.02480169912801	0.313925117534973	-3.26447818885928	0.00109665906184255	0.00631798554711871	"gene-g10605"
44.9386983870559	0.982243882997657	0.300959917539689	3.26370332311153	0.00109966249026264	0.00633247172582993	"gene-g18670"
119.508657707225	-0.500235005056917	0.153286460211084	-3.2633998095335	0.00110084099989766	0.0063364407954109	"gene-rnf130"
28.082707737836	0.916804678661241	0.280953261940111	3.26319286108403	0.00110164522739291	0.00633825292757244	"gene-g15008"
17.5839099550656	1.17894548280118	0.361329312632274	3.26280055778647	0.00110317125832883	0.00634421446119748	"gene-sgsm2"
75.2089762060462	0.661672907843289	0.202826598033661	3.26225906393933	0.00110528084088141	0.00635070637544595	"gene-brox"
125.585113568657	0.835391579471437	0.256075978671554	3.26228013968823	0.00110519866305723	0.00635070637544595	"gene-dhh"
124.302167793786	0.596519695221054	0.182891786912106	3.26159914172488	0.00110785684667554	0.00636268471010862	"gene-LOC119011041"
4660.01063674229	-0.185711340351502	0.0569565846878994	-3.26057718118336	0.00111185702615182	0.00638282816741676	"gene-cdh31"
70.3259653267838	1.00853125244123	0.30933654561278	3.26030424385643	0.00111292762060129	0.00638614338254643	"gene-g12049"
124.968890704766	1.14014050253407	0.349728158200609	3.26007636445469	0.0011138222057473	0.00638844614111304	"gene-tns1b"
57.7789861950343	0.721870764142074	0.221485718852377	3.25922035913842	0.00111718856495532	0.00640491770904662	"gene-g8322"
12.2014520463542	1.21523544164993	0.372895142305108	3.25892001203814	0.00111837194909992	0.00640690698253879	"gene-invs"
14.260956428156	1.04740526429913	0.321400259774162	3.25888120014312	0.00111852495463827	0.00640690698253879	"gene-oscp1b"
1244.46112551821	-0.353708340810799	0.108542671721053	-3.25870309991821	0.00111922731545339	0.00640809591619665	"gene-metrnla"
48.9774892852477	0.712730601326195	0.218737715962041	3.25838001092541	0.00112050249878756	0.00641256202465649	"gene-psd2"
25.5800576234818	2.0059512484935	0.615769611770937	3.25763274144762	0.00112345700626953	0.00642663060432713	"gene-pdlim3a"
22.5839881728536	0.898594496309497	0.275883524712482	3.25715171736329	0.00112536265789776	0.00643468952866839	"gene-pofut2"
1109.12871728765	-0.401029942981034	0.123129010054374	-3.25698990679726	0.00112600436701003	0.00643551745681682	"gene-znf106b"
1275.50056584962	-0.36851922867648	0.113152973114667	-3.25682320607722	0.00112666582328923	0.00643645746688081	"gene-ubr7"
16.9471931648281	1.37449532149436	0.422077374790481	3.25650083039078	0.00112794600564338	0.00644092977032071	"gene-smo"
74.2948538148187	1.3660055538818	0.419486686797493	3.25637403253571	0.0011284498995213	0.00644096723168814	"gene-fstl1b"
778.418920212774	-0.360647329155055	0.110757206022347	-3.25619742594705	0.00112915207978673	0.00644213594066871	"gene-camk2g2"
25.390303944674	-1.1381751672616	0.349575454843864	-3.25587838473946	0.00113042159808959	0.00644653902107364	"gene-jmjd7"
584.71742082982	-0.755742117153139	0.232187605789495	-3.25487708348355	0.00113441451748499	0.00646441926305187	"gene-sphk2"
64.4211944947798	2.36455151435965	0.726472013503141	3.25484185269227	0.00113455524553447	0.00646441926305187	"gene-tpm2"
434.837809162431	-0.258780187784958	0.079522189984779	-3.25418839489317	0.00113716838517749	0.00647361220063018	"gene-hmgcl"
119.87403839977	0.546546480057067	0.167950293825134	3.2542156825645	0.0011370591521494	0.00647361220063018	"gene-mfge8b"
41.8361444817457	2.15390850087015	0.661928605040963	3.25398915300972	0.00113796624797455	0.00647530794267068	"gene-hbba1_ChrAur2"
66.2803954385274	0.802434766601194	0.246654135497748	3.25327919186063	0.00114081349176026	0.00648865855590124	"gene-h6pd"
123.050106606341	-0.54665853185404	0.16804739490826	-3.25300211974407	0.00114192645321036	0.0064921376187565	"gene-pkn2a"
117.842337199956	0.763805816990021	0.234821635678601	3.25270631380593	0.00114311577358402	0.00649319841389768	"gene-dennd5a"
379.230963545	-0.444602619532431	0.13668476582099	-3.25275912690012	0.00114290334879146	0.00649319841389768	"gene-ptmab"
776.68123388183	-0.393398640457944	0.120969977025955	-3.25203534074853	0.00114581774000295	0.00650569292011323	"gene-ccar1"
33.9543710539378	-1.03471062682834	0.318186216181886	-3.25190273558821	0.00114635243079131	0.00650587656931563	"gene-nme9"
353.582654846164	-0.376954295806987	0.115965139613894	-3.25058286535122	0.0011516870002151	0.00653328880411114	"gene-cltcb_ChrAur1"
191.119839121834	0.358128083059769	0.110181421202559	3.25034909834194	0.0011526342135394	0.00653579934305988	"gene-nfyal"
1799.71992515983	-0.336242647860581	0.103462241111585	-3.24990686696938	0.00115442808477475	0.0065431064008393	"gene-ccnt2b"
4954.67472254158	-0.681006124951013	0.209616296454383	-3.24882242683462	0.00115883794475933	0.00656522756893181	"gene-lsm14b"
176.399664892702	-0.519314718623104	0.159854582054153	-3.24866958425489	0.00115946072712966	0.00656588363666646	"gene-g11233"
318.054744208419	-0.530693196742455	0.163366471252582	-3.24848295169421	0.00116022161182071	0.00656732084558132	"gene-wiza"
35.4961413537212	1.43327877807779	0.441274973354624	3.248040030872	0.00116202920891442	0.00657467902343848	"gene-rab44"
22.4510391329165	0.938977977870967	0.289153560853247	3.24733326852414	0.00116491895612092	0.00658815083000964	"gene-uhmk1"
1344.77501198613	-0.499385749458947	0.153849111668163	-3.24594496545468	0.00117061467092043	0.00661170109162256	"gene-ctsba_ChrAur1"
560.257979463335	0.273174255232272	0.0841564893905705	3.24602721917819	0.00117027649719889	0.00661170109162256	"gene-snx9a_ChrAur1"
128.635589325012	-0.594381347529214	0.183113951505132	-3.24596428968742	0.00117053521415084	0.00661170109162256	"gene-tgoln2"
102.498687755849	0.843441235369568	0.259866209799381	3.24567490333088	0.00117172562550509	0.00661509092236987	"gene-tmem184a"
187.379171556888	0.618756218088796	0.19066657523828	3.24522647619554	0.0011735724724717	0.00662263054073243	"gene-setd9"
223.329355205783	-0.387461886081552	0.119411807829575	-3.24475353923575	0.00117552317731096	0.00663074942045046	"gene-mbd4"
820.482211673763	-0.405030538979425	0.124833208815274	-3.24457364208896	0.00117626597841199	0.00663205079948356	"gene-abcf3"
817.64241596021	0.961600526997605	0.296461829543759	3.24358966709968	0.0011803365222842	0.00664681059206775	"gene-flna"
32.4570795812764	-1.70782250919061	0.526487580838291	-3.24380397818949	0.00117944884517946	0.00664681059206775	"gene-ppp1r36"
2322.46312681463	-0.402665338821517	0.124142689157944	-3.24356868336576	0.00118042347013789	0.00664681059206775	"gene-xpo1a"
1838.08747633464	-0.509454802517165	0.157111339406929	-3.24263547392746	0.00118429629082187	0.00666250958539196	"gene-gemin5"
31.7377793181706	1.57846993084049	0.486802675795884	3.2425251735928	0.00118475481238188	0.00666250958539196	"gene-LOC119020113"
116.662676726146	0.740641277563018	0.228412124164785	3.24256551735709	0.0011845870832093	0.00666250958539196	"gene-rp9"
635.524452859445	-0.377581190052267	0.116458118886501	-3.24220581323535	0.00118608332741729	0.00666708557872451	"gene-wrnip1"
176.787651279226	0.502294569294603	0.15494856214398	3.24168590107899	0.00118824906751882	0.00666768356734672	"gene-ccdc124"
308.864290777347	0.466882480277279	0.14401959568948	3.24179829864209	0.00118778055619725	0.00666768356734672	"gene-g20155"
1101.44537579825	-0.458437567922823	0.141417979981888	-3.2417205222528	0.0011881047364824	0.00666768356734672	"gene-map2k4a_ChrAur1"
353.875179279692	-0.452263886543593	0.139502787064959	-3.24197025779132	0.00118706410219632	0.00666768356734672	"gene-utp23"
36667.7191283599	-0.467407182350661	0.144193856015802	-3.24151940495605	0.001188943393859	0.00666869029617492	"gene-LOC119012925"
125.716612651814	0.442052470652328	0.136397220867542	3.2409199237396	0.0011914464713604	0.00667983690501667	"gene-mtpn"
430.973126237208	-0.299190589935534	0.0923273584224521	-3.24054099508145	0.00119303116277809	0.00668514668609095	"gene-alkbh8"
141.51242775153	0.825996367988636	0.254909511876742	3.24035129920155	0.00119382520805383	0.00668514668609095	"gene-g8589"
4166.19738558027	-0.425816301726215	0.13141166842026	-3.24032338105956	0.00119394211141444	0.00668514668609095	"gene-sybu"
215.718894271728	0.723429048974577	0.223372078678177	3.2386726812748	0.00120087301759941	0.00672104859590752	"gene-nfixa_ChrAur1"
81.6746331347711	1.33129713178604	0.411081482209095	3.23852372194397	0.00120150028824593	0.00672165452832531	"gene-g7741"
1685.24618953032	-0.456649634749553	0.141011596732543	-3.23838354667865	0.00120209084544596	0.00672205463703396	"gene-socs9"
178.800142058431	0.474958962087417	0.146672405923745	3.2382298435491	0.0012027387036307	0.00672277468740662	"gene-g10961"
62.8809241418699	0.562754052841746	0.173794667882486	3.23803980696497	0.00120354015313535	0.00672435225334595	"gene-dtx3"
225.175799724428	0.472106066714699	0.145856482818517	3.23678493812387	0.00120884476269862	0.00674816746625426	"gene-fut11"
262.102416946841	-0.540205682959119	0.166891400890582	-3.23686948564409	0.00120848668411305	0.00674816746625426	"gene-nup160_ChrAur2"
922.615295964979	-0.294513759454214	0.091003175912782	-3.23630199166321	0.00121089203380632	0.00675668364059699	"gene-g6828"
13.3987938045013	-1.11212004190365	0.34373460790319	-3.23540317539649	0.00121471075894427	0.00677507279891783	"gene-rims2b"
182.024711968715	0.466392692207105	0.144167577165157	3.23507338735956	0.00121611468895907	0.00677998335631035	"gene-serinc1"
651.911543257701	0.627346175715784	0.193962777887813	3.23436374002973	0.00121914078962212	0.00678214045804773	"gene-coq8b"
126.361100094693	0.523814048804399	0.161958630818215	3.23424596860377	0.0012196436666507	0.00678214045804773	"gene-flvcr2b_ChrAur1"
88.2851390204891	-0.813484368018468	0.251520902922973	-3.23426148111274	0.00121957741820014	0.00678214045804773	"gene-g15353"
253.298806514074	0.634398914701419	0.196125499440751	3.23465799455143	0.00121788517709983	0.00678214045804773	"gene-hccsb"
28.5363827655962	-0.909712267699569	0.281230577497037	-3.23475589246391	0.00121746770210443	0.00678214045804773	"gene-mbd1a_ChrAur1"
525.817850824653	-0.547629806804849	0.169311185161659	-3.23445734717391	0.00121874122925728	0.00678214045804773	"gene-shprh"
324.775391017488	-0.505856693617516	0.156502376725345	-3.23226205379151	0.00122814371453444	0.00682337263231563	"gene-anp32e_ChrAur1"
14395.1282006935	-0.438805873713119	0.13576297670093	-3.23214682217641	0.00122863909957224	0.00682337263231563	"gene-rps8b"
439.151316246214	-0.324560599240514	0.100410633743972	-3.23233294262519	0.00122783905243338	0.00682337263231563	"gene-supt7l"
357.22713039394	-0.639861938207858	0.19800446396666	-3.23155309425547	0.00123119448452496	0.0068346334200955	"gene-fancm"
19.5296822201446	1.2477921815851	0.38618410537773	3.23108114551898	0.00123322923651836	0.00684104975956584	"gene-emilin1a_ChrAur2"
23.5345187103585	0.90205844328501	0.279185167418605	3.23103999981661	0.00123340677851797	0.00684104975956584	"gene-myorg"
58.5469720507975	0.598775138453378	0.185339758547524	3.23068910386998	0.00123492183928856	0.00684652086499409	"gene-zdhhc9"
283.148972694393	-0.428760539207905	0.13273513437232	-3.23019629456386	0.00123705254026521	0.00685539899399858	"gene-haus5"
128.171139257321	0.723087608641146	0.223919084543371	3.22923617750452	0.00124121343753464	0.00687551549594145	"gene-ccdc88c"
30.3305076058415	1.45206194074305	0.44970767993457	3.22890180784619	0.00124266554010402	0.00688061625048615	"gene-pmp22a"
85.9089818626224	0.801252558630249	0.24818926823632	3.22839325134443	0.00124487711003118	0.00688991600513411	"gene-cnpy2"
546.414751338824	-0.384877440116864	0.119231467806681	-3.22798542362069	0.00124665326403174	0.00689561583647135	"gene-dbr1"
622.522300025811	-0.301459114521283	0.0933913574991004	-3.22791233144016	0.00124697183916423	0.00689561583647135	"gene-tubg1"
521.050151424348	-0.416544817092565	0.129051658055301	-3.22773704243357	0.00124773614950476	0.00689689751269148	"gene-plcb3"
78.6045011884635	0.572412252754372	0.177419998842835	3.22631189543314	0.00125396627345332	0.00692837764824827	"gene-lin7c"
90.3885911593702	-0.620831901792917	0.192448740276814	-3.22595981090823	0.00125550985238035	0.00692937876314249	"gene-angel2"
199.545267229809	-0.587981038441096	0.182263803774535	-3.22598906784829	0.00125538151979752	0.00692937876314249	"gene-g6122"
244.872051609317	-0.574778232605495	0.178182572353813	-3.22578254995764	0.00125628764851043	0.00692937876314249	"gene-plekhg5b_ChrAur2"
50.8526184541715	0.722278451165695	0.223907327178822	3.22579193930912	0.00125624643820001	0.00692937876314249	"gene-rnf41"
924.793132208387	0.711844775286985	0.220777242614991	3.22426698900465	0.00126295590267075	0.00696319365495482	"gene-lama2"
793.772099672708	0.599604175149865	0.185998745304463	3.22370010705378	0.00126545848942011	0.00697105610228835	"gene-g18374"
1446.04786658137	-0.756812194496848	0.234759682901379	-3.22377413848689	0.0012651314066741	0.00697105610228835	"gene-plk3"
74.4480699336831	-0.563068677130745	0.17469924642483	-3.22307444739336	0.00126822587372788	0.00698333048071842	"gene-g11176"
620.632963618516	-0.423223363211924	0.131321046278002	-3.22281443231861	0.00126937760106961	0.00698670178982256	"gene-rpp25l"
105.107998279772	0.480687978147003	0.149217862480859	3.22138362093656	0.00127573262290972	0.00701869719596593	"gene-LOC119018375"
4811.22092336312	-0.492454244990778	0.152889630346521	-3.22097871434866	0.00127753636067358	0.00702563626627754	"gene-LOC119018646"
292.109097779828	-0.558349512125374	0.173389560696861	-3.22020258821432	0.00128100035330069	0.0070416959149394	"gene-spag7"
17.0935508650888	1.22021013299588	0.378943567508051	3.22003125958842	0.00128176619151356	0.00704291639639039	"gene-pnpla7b_ChrAur1"
1266.56750188479	-0.38813748119008	0.120548895912472	-3.21975143987961	0.00128301789326242	0.00704680438322376	"gene-ccdc86"
24565.6059818376	-0.677073182802479	0.210331005845769	-3.21908403413884	0.00128600791813648	0.00706023253403371	"gene-org"
238.549785044414	-0.724048949652535	0.224942306371572	-3.2188206893216	0.00128718949017334	0.00706372503696393	"gene-stim1b"
20.7819694571611	1.02414801794418	0.318235497469821	3.21820798146915	0.00128994245862362	0.00707583429971811	"gene-vps37ba"
119.624165766298	-0.524998647773506	0.163194435065473	-3.21701317549755	0.00129532650050205	0.00710235965622442	"gene-psmc3ip"
1555.7065052609	-0.337946635500308	0.105093276048962	-3.21568275541112	0.00130134604893226	0.00713234561139301	"gene-ctr9"
47.0848469219241	1.06789171996715	0.33212923255421	3.2152897586118	0.00130312911472914	0.00713909693944884	"gene-cry2"
30.3672639195265	1.37692089387733	0.428287434170552	3.21494581447145	0.00130469147358171	0.00714463394264553	"gene-klf6a_ChrAur1"
35.5880274001526	0.96247534987876	0.299400408319994	3.21467614316038	0.00130591765856763	0.00714832611838945	"gene-cfap300"
305.259385149665	-0.360849590537551	0.112260527673272	-3.21439421332299	0.00130720071966934	0.00715232637111854	"gene-emc4"
130.883712777519	0.680985683276536	0.211907926772511	3.21359230703811	0.00131085655389095	0.00716930035027097	"gene-g516"
1937.70169046063	-0.365808307075767	0.1138510000041	-3.21304430406929	0.00131336028534854	0.00717996161061584	"gene-prpf3"
113.987630966223	-0.554842012396032	0.172747491342646	-3.21186726408373	0.00131875290443174	0.00720032414219874	"gene-gemin6"
893.9189072273	-0.392650626912893	0.122245290293554	-3.21198981138661	0.00131819050149191	0.00720032414219874	"gene-glrx3"
1973.07977118044	-0.28346310012391	0.0882531710098233	-3.21193104882723	0.00131846015125206	0.00720032414219874	"gene-nsun2"
171.074184733021	-0.948757176191959	0.295424991565063	-3.21149937642635	0.00132044257138053	0.00720651147996176	"gene-cep112"
1050.6730549001	-0.478921056381532	0.149154929805758	-3.21089659594371	0.00132321539351726	0.0072186025953842	"gene-paxip1"
558.620381732804	-0.528141373550815	0.164512481066089	-3.21034227997964	0.00132577001747854	0.00722949368267982	"gene-mtf2"
106.068580318856	1.19928512089716	0.373641018743173	3.20972554065725	0.0013286176740052	0.00724197285186924	"gene-kank2"
22.1249943202371	0.840414676046402	0.261849142102162	3.20953763414856	0.00132948641151672	0.00724365945122129	"gene-g8682"
15567.2786611098	-0.738466015696073	0.23013235657692	-3.20887521720244	0.00133255310844029	0.00725731509983606	"gene-g15062"
80.5099630087515	-0.518809141496305	0.161740950378796	-3.20765483497692	0.00133822003191535	0.00728511459997296	"gene-gorasp1a"
18.0225049714456	1.75408663884947	0.547174353830364	3.20571793354422	0.00134725982323876	0.00733124452553156	"gene-g8723"
227.455047724194	0.634793345664174	0.19803643779499	3.20543710406122	0.00134857516000174	0.00733531999041687	"gene-prelid3b_ChrAur1"
14.048845496274	1.40750881225073	0.439196964037222	3.20473256306809	0.00135188027398608	0.00735021050730216	"gene-bag3"
87.9479582216402	0.755613588930703	0.235809982847059	3.20433248757232	0.00135376041658598	0.0073573441692006	"gene-cercam"
458.49958504431	-0.395170953471448	0.12333336673	-3.20408794431561	0.00135491082765382	0.0073605076044231	"gene-nip7"
12.0888598921391	1.24242792175765	0.387895146274077	3.20299940252354	0.00136004263211957	0.00738528810422662	"gene-map2k5"
297.194592493775	0.408308086448436	0.127482943555148	3.20284482819307	0.00136077280693673	0.00738615617042647	"gene-rprd2a"
29.2894878912121	0.759739656852661	0.237265975304864	3.2020590220594	0.00136449037546018	0.00740323202873265	"gene-ergic1"
134.694069005781	1.07043436567521	0.334369661454188	3.20135014947184	0.00136785201400387	0.00741836324680241	"gene-col12a1a"
2135.792664165	-0.426999238064419	0.133386821259694	-3.20121008981152	0.00136851711254292	0.00741886359336264	"gene-bmp15"
130.354145489855	-0.490603666558249	0.153275294352776	-3.20080068108748	0.00137046297432667	0.00742630375753337	"gene-g18860"
166.804508381849	0.789830118231045	0.246823477636978	3.19997970125317	0.00137437266698089	0.00744437491010853	"gene-LOC119026694"
22.5460766528991	1.24721787204178	0.389823889675869	3.1994392982914	0.00137695180026234	0.00745522690852742	"gene-fzd6"
1893.17164276144	-0.217158774460032	0.0678822220096904	-3.19905224123382	0.00137880181586901	0.00746212382671107	"gene-adssl"
204.789680118395	0.51674589267079	0.161539978641242	3.19887310260459	0.00137965882007087	0.00746364301534582	"gene-LOC119031157"
956.329763955559	-0.288067959099121	0.0900612060140955	-3.19857985306165	0.00138106279446745	0.00746811868523921	"gene-drg2"
196.241605624503	1.01690023259508	0.3179499467353	3.19830288709458	0.00138239001869455	0.00747217576465488	"gene-LOC119012137"
92.0116018433246	-0.444191576926256	0.138927781975479	-3.19728401771114	0.00138728258223823	0.00749549300065384	"gene-sirt5"
451.708854147431	-0.522015824872413	0.163350684143615	-3.19567577943822	0.00139503777294782	0.00752885240505858	"gene-g14351"
77.5249625403773	0.534389312475074	0.167224395906002	3.19564205676939	0.00139520081631848	0.00752885240505858	"gene-hapstr1b_ChrAur2"
528.278902463787	0.293092136023042	0.0917095231843895	3.19587460327055	0.00139407685062838	0.00752885240505858	"gene-vps35"
3595.0332525507	-0.395148329641577	0.123662971543213	-3.19536498848806	0.00139654105976511	0.00753294596627151	"gene-cct3"
36.6982318947895	0.916371737759118	0.286796576850425	3.19519761296537	0.00139735126903206	0.00753336782342663	"gene-cyld"
725.923179061052	0.345469043208163	0.108124352963317	3.19510853697658	0.0013977826329777	0.00753336782342663	"gene-wdr20b"
135.046291454323	0.378292320248191	0.118444006549727	3.19384940840692	0.0014038933031472	0.00756000921790413	"gene-gaa2"
397.787871921161	0.564310578563057	0.176681841523055	3.19393647756055	0.00140346995684057	0.00756000921790413	"gene-ppp1r37"
7023.99358475278	-0.508493111888708	0.159256033852183	-3.19292839077405	0.00140837867688145	0.00758101090785191	"gene-pprc1"
639.743075382	-0.269403191857393	0.0843855586762964	-3.19252720587921	0.00141033658323883	0.00758524463850753	"gene-exoc2"
62.0836223779148	0.779869433305322	0.244275010780575	3.19258785748599	0.00141004042370974	0.00758524463850753	"gene-prkar1ab"
509.595708614966	1.47899324989985	0.463542614568093	3.19063059882403	0.00141962663279867	0.00763204006698859	"gene-col1a2"
731.901468239246	0.584755651021857	0.18337039190575	3.18893167508969	0.00142799624985907	0.00767385038669079	"gene-lamc1"
481.404320723126	-0.3486304445777	0.109379798075536	-3.18733852787827	0.00143588607222625	0.00771304874384161	"gene-g8150"
181.852049064681	-0.401310759721559	0.125913565627835	-3.18719240234782	0.00143661174516217	0.00771374739286702	"gene-g18347"
323.607950154043	0.389734140072235	0.12229284921944	3.18689230449527	0.00143810311909415	0.00771748792373967	"gene-edem3"
412.986012469949	-0.468949340980138	0.147158634792407	-3.18669265749626	0.00143909608028965	0.00771748792373967	"gene-g11550"
41.0777346093813	-0.734351989944563	0.230437439563338	-3.18677377832398	0.00143869254280942	0.00771748792373967	"gene-g1558"
392.085394974501	-0.393257465192304	0.123439713088474	-3.18582614422023	0.00144341308530954	0.00773743496185589	"gene-LOC119034165"
36.7638616800944	0.76021666342037	0.23870979697485	3.18468983282016	0.0014490923262933	0.00776466475706435	"gene-mcfd2"
1380.03008462993	-0.419553883552783	0.131751051706504	-3.18444428426579	0.00145032227159751	0.00776804124874248	"gene-nfrkb"
877.406138934794	-0.282972322491819	0.0888875156966491	-3.18348780786644	0.00145512241224494	0.00779052929350319	"gene-tex10"
14.9541158280152	1.09949792737932	0.345427075136651	3.18301026908315	0.00145752444867915	0.00780016493175356	"gene-acvrl1"
461.958688566196	-0.479397394913955	0.150631821082625	-3.18257717040409	0.00145970610940088	0.00780861372278018	"gene-ppm1g"
40.4918523117283	0.660028199913654	0.207426347140513	3.18198825275819	0.00146267751024029	0.00781675503994508	"gene-g13726"
21.3196102981766	-1.19985174776042	0.377075043753481	-3.18199723804803	0.00146263213285822	0.00781675503994508	"gene-si"
1383.65396516977	-0.347420590616059	0.109185946342208	-3.18191674162149	0.00146303870101358	0.00781675503994508	"gene-wdr46"
34.9151590410426	-1.25217772199106	0.393589804776456	-3.18142824533337	0.001465508213317	0.00782672035903852	"gene-ptpro"
27.1807273132207	1.0345242217899	0.325272383824852	3.18048587348552	0.00147028307505192	0.00784898437963622	"gene-tnfrsf14"
66.7465043247213	1.27454360551327	0.400756791955979	3.18034187092023	0.00147101397665801	0.00784965060226529	"gene-LOC119033652"
65.2158007466109	0.562675603683388	0.176957537610063	3.17972102959117	0.00147416896348887	0.0078632463946229	"gene-chchd4a"
82.2020285097715	-0.712021865525881	0.223946678799586	-3.17942587647429	0.00147567105619128	0.0078647801846639	"gene-fmnl1b"
39.2599617927147	0.865748938564745	0.272294492943408	3.17945812714132	0.00147550685754848	0.0078647801846639	"gene-g10075"
434.796561585025	-0.558878960657372	0.175833945565706	-3.17844747701761	0.00148066041717515	0.00788812548862008	"gene-r3hdm2"
219.202242046313	-0.539460738284578	0.169778380698293	-3.17744070868031	0.00148581066851291	0.00791230837496331	"gene-ralaa"
1138.55461723429	-0.555846623103378	0.174947351168117	-3.17722228654512	0.00148693021147548	0.00791501568796503	"gene-sycp2l"
288.152757297063	0.379491006758134	0.119497780076	3.1757159548636	0.00149467224276378	0.00794912600280201	"gene-arf2b_ChrAur3"
51058.7182280064	-0.546012085574187	0.171941998059287	-3.17555973373019	0.00149547728810627	0.00794912600280201	"gene-g15371"
13.8004040246586	1.07729451152906	0.339252101643896	3.17549841639556	0.00149579338034349	0.00794912600280201	"gene-man1a1"
48.8946925653836	0.759776792370738	0.239238390260373	3.17581468235028	0.00149416368203007	0.00794912600280201	"gene-sacm1lb"
63.9632162126714	-0.481787936124625	0.151736093221477	-3.17517029663732	0.00149748589131564	0.00795485634882235	"gene-ppp3r1b_ChrAur2"
600.007709125241	-0.578364339893233	0.182242273162617	-3.17360143646339	0.00150560281636664	0.00799469539760734	"gene-sdc4"
534.156157605276	-0.502177279748881	0.158251378951802	-3.17328849249287	0.00150722675812768	0.0080000384198818	"gene-ngdn"
1005.54689022422	-0.344072997460364	0.108442648777718	-3.1728568172992	0.00150946947298098	0.00800866003464837	"gene-eif2b4"
259.952304698246	-0.365657911052405	0.115276051235336	-3.17201974854183	0.00151382712243977	0.0080284910166738	"gene-dnajc28"
651.933371205793	-0.469270969356632	0.148030127811338	-3.17010446653609	0.00152384140909347	0.0080782931187759	"gene-zgc:162472"
111.255703161562	0.461520485958028	0.145615865289793	3.16943819987985	0.00152733934704248	0.00809352368393909	"gene-cbx2_ChrAur2"
1277.28020111566	-0.356670753041029	0.112558190619998	-3.1687676487726	0.00153086724447993	0.0081055853161323	"gene-faf2"
28.5974035611781	0.866111040925803	0.273325073320421	3.16879468979582	0.00153072483138285	0.0081055853161323	"gene-g16669"
159.820978752615	-0.507283738875977	0.160137392761963	-3.16780316031516	0.00153595476538676	0.00812919908725946	"gene-gon4la"
1135.48201574738	-0.388778513500357	0.122756076406413	-3.16708162138724	0.00153977094386887	0.00814606760377687	"gene-setdb1b"
21.9932078265771	0.998662765589819	0.31538102126454	3.16652778149306	0.0015427060933999	0.00815826321585224	"gene-slc25a36a_ChrAur1"
70.0692988697893	0.519673812863676	0.164145578210879	3.16593245171702	0.00154586686982776	0.00817164156373036	"gene-rab18b_ChrAur1"
32.2403918236458	1.03371359708285	0.32653607176307	3.16569496136065	0.00154712943748947	0.00817497892489844	"gene-emp1_ChrAur1"
875.525588932408	-0.596364306030872	0.188460867775542	-3.16439329325993	0.00155406636528239	0.00820828446034757	"gene-g13555"
2149.74829109394	-0.25939147993229	0.0819767824239869	-3.16420664805685	0.00155506339072837	0.00821020219051087	"gene-LOC119024858"
144.894849450292	0.717435699193103	0.226792132075218	3.16340647547313	0.00155934444944044	0.00822845739616169	"gene-g10123"
216.94088684126	-0.405038906534449	0.128042222711727	-3.16332298796741	0.00155979174639618	0.00822845739616169	"gene-nfe2l1b"
42.9265336999395	1.32216690733171	0.418095052432108	3.16235961090789	0.00156496173939712	0.00825236949793653	"gene-tgm1l1_ChrAur1"
92.6434764337173	0.818273640404606	0.258866290584191	3.16098955394302	0.00157234137208828	0.0082811684058216	"gene-adck1"
704.698918521417	-0.474396817475445	0.150077093616735	-3.16102081965256	0.0015721726067893	0.0082811684058216	"gene-bud13"
70.8664105602336	-0.571898787809403	0.180912207357048	-3.16119512422235	0.00157123205538579	0.0082811684058216	"gene-znf839"
2395.98148690092	-0.376096200295741	0.119032178778293	-3.15961787943284	0.00157976180280626	0.00831686793013979	"gene-akap1b"
2669.1131127843	-0.61563904476255	0.194859047271093	-3.15940703490179	0.00158090527592091	0.00831950598474268	"gene-lama1"
240.056531435386	0.493691661289558	0.156272050520924	3.15918079812652	0.00158213307324439	0.00832258547180669	"gene-shq1"
32.5504910421628	0.885558290430911	0.280433195535311	3.15782262774025	0.00158952239957144	0.00835806114366616	"gene-znf654"
710.540427724974	-0.401514179137055	0.127166967907199	-3.15737793976548	0.00159194868583377	0.00836402735506415	"gene-fubp3"
11.3253984643924	1.36818466925837	0.433325164916122	3.15740875451627	0.00159178044591485	0.00836402735506415	"gene-rab31"
313.889343947093	-0.464118493026122	0.14700881067129	-3.1570794356257	0.00159357928248055	0.00836919922441428	"gene-nfkb2_ChrAur2"
11.9829187847117	1.59247772936834	0.504590186034827	3.15598236636816	0.00159958530683312	0.00839733656619204	"gene-fam110d"
452.049261555992	-0.335001552127729	0.106169727483586	-3.15533966289515	0.00160311352875094	0.00841244866728259	"gene-clpb"
1036.42512046021	-0.37476374594735	0.118783111143144	-3.15502551112445	0.00160484071963239	0.00841810132035604	"gene-ints3"
159.584314586168	0.527356712040973	0.167165843459279	3.1546917787032	0.00160667744022001	0.00842432369566372	"gene-clic4"
437.337286351432	-0.458911799059671	0.14550301773981	-3.15396756842736	0.00161066984114146	0.00844183938187899	"gene-haus1"
60.2526364311125	1.18099347491404	0.374487059659287	3.15362959667691	0.00161253612321111	0.00844820199502712	"gene-LOC119029707"
161.879967516384	-0.527652123227187	0.167327993081482	-3.15340017835654	0.00161380410647575	0.00845142619610493	"gene-atp5if1a"
17.0401470968338	1.45232474745391	0.460709320226432	3.1523667607595	0.00161952713772035	0.0084779692645983	"gene-esyt1a_ChrAur2"
119.963959135062	0.772454871036964	0.245103023969596	3.15155177821381	0.00162405365111482	0.00849822983256081	"gene-tmem71"
29.499934658382	1.88283087770328	0.597690017340999	3.15017956311134	0.0016317014179386	0.00852791164799145	"gene-g944"
110.208060147437	0.627603806363094	0.199217388587522	3.15034651750477	0.00163076916328858	0.00852791164799145	"gene-tspan36"
815.239093000377	-0.345496034048106	0.10967246530494	-3.15025319333771	0.00163129021455642	0.00852791164799145	"gene-ttc27"
325.793324496106	-0.378723680022344	0.120283314620502	-3.14859697055431	0.0016405628287933	0.00856768572970135	"gene-me3"
854.959160886121	-0.465767685226846	0.147929247485314	-3.14858415860654	0.00164063474709747	0.00856768572970135	"gene-vps11"
42.5871371178266	0.651631407391272	0.206972188481058	3.14840081739248	0.00164166422847734	0.00856960637767431	"gene-slc25a17l"
328.910559734999	-0.638405786570404	0.202805658481139	-3.14786969629733	0.00164464988899336	0.00857827656558718	"gene-dyrk1b"
1177.84735638968	-0.258770914532643	0.0822023578029301	-3.14797435802284	0.00164406114533523	0.00857827656558718	"gene-smarcal1"
578.727950911901	0.393914587550434	0.1251743725825	3.14692679838129	0.00164996263657044	0.00860252258704662	"gene-rab11fip1a"
645.096982820447	-0.29777770505378	0.0946353140600557	-3.1465812525841	0.00165191356120348	0.008604087185831	"gene-eaf2"
20.7020376624246	1.18731819654682	0.377318790200143	3.14672427502756	0.00165110581032592	0.008604087185831	"gene-g572"
105.262987603829	-0.591836522252051	0.18809236722795	-3.14652067478529	0.00165225579732543	0.008604087185831	"gene-g954"
982.210452118159	-0.474585347025184	0.150847735758811	-3.1461217806013	0.00165451099189107	0.00861236810931723	"gene-g13981"
22.8791218517171	1.34685152224617	0.428195729907249	3.14541091415814	0.00165853698029538	0.00862985634062094	"gene-emilin2a"
521.369274035809	-0.3862024809159	0.122827385771171	-3.14427013561455	0.00166501661675702	0.00866009245125307	"gene-ddx59"
223.258262792302	0.50176646234379	0.159587813161521	3.14414022226087	0.00166575600159986	0.00866046004685661	"gene-acbd5a"
544.967491895125	1.44688705150121	0.460588848214152	3.14138533121512	0.00168150640050145	0.00873884004530266	"gene-col1a1b"
11431.0779029414	-0.853938385939061	0.271895249353759	-3.14068887914998	0.00168550982751159	0.00875262140180538	"gene-42sp43"
45.275166398604	0.608584572843294	0.19376815733561	3.14078732652246	0.0016849433892284	0.00875262140180538	"gene-ensab"
13.7401149471056	1.60127397547704	0.509905738602749	3.14033330918157	0.00168755713554248	0.00875623095449143	"gene-ak3"
47.3823295385899	1.06039847498952	0.337659002894086	3.14044188338179	0.00168693174231518	0.00875623095449143	"gene-auts2a"
992.19229410209	-0.588386790081789	0.187403012717304	-3.13968693219125	0.00169128471816282	0.00877205782335871	"gene-g18050"
321.292805438257	0.430214044662618	0.137072610282184	3.13858504464867	0.00169765664337105	0.00880158174071198	"gene-hm13"
12151.5065234056	-0.226914771783874	0.0723316336144384	-3.13714429558492	0.00170602142734372	0.00884140996619789	"gene-vcp_ChrAur1"
1264.23865506494	-0.515978122983961	0.164488527975291	-3.13686388549521	0.0017076538488222	0.00884279288128601	"gene-riok1"
43.231639237434	0.914395626408186	0.291490681570579	3.13696349221642	0.00170707381882088	0.00884279288128601	"gene-slc6a7"
141.475974303419	1.07240313648588	0.341936265354917	3.13626615583687	0.00171113835832788	0.00885729531522959	"gene-grnaas"
149.182519335509	0.62579206870586	0.199543528000359	3.13611809401672	0.00171200250568147	0.00885822790694396	"gene-slc22a31"
63.3750042566643	-0.563003293638287	0.179531886185028	-3.1359515326322	0.00171297510352297	0.00885972067321324	"gene-mblac2"
28.9037092512004	0.843189315757614	0.268918734455443	3.13548000835666	0.00171573122001019	0.00887043314584907	"gene-fbxl17"
54.2944248328447	0.785209876447079	0.250472274213307	3.13491734329996	0.00171902540213649	0.00888037414562016	"gene-atg9a"
153.644732561532	0.90593234487374	0.288976521169966	3.13496868605772	0.00171872456953636	0.00888037414562016	"gene-rnf213a_ChrAur1"
128.378747455435	-0.48898472709116	0.156044992420893	-3.1336137065664	0.00172668004372082	0.0089163609434722	"gene-rhoac_ChrAur1"
66.2505449429613	0.565747822325055	0.180557975011959	3.13333056757855	0.00172834670561474	0.00891785585036515	"gene-arv1"
795.055376138725	0.489519703677361	0.156227732809215	3.13337264053599	0.00172809895491865	0.00891785585036515	"gene-trim25_ChrAur2"
1090.97581105891	-0.358935976172653	0.114562169395667	-3.13311085209102	0.00172964105236475	0.00892098019481316	"gene-rbm7"
423.394886938122	0.836511222272455	0.267009050001284	3.13289464259144	0.00173091561539714	0.00892400005374535	"gene-lamb1b"
183.495151557439	-0.877483466348431	0.280173261349082	-3.13193151310442	0.00173660379920888	0.00894976355095673	"gene-cdkal1"
225.265560423243	-0.377402598233246	0.120519855335673	-3.13145578529032	0.00173941975586386	0.00896071012656834	"gene-wash1"
24.0219171579291	0.781506252274567	0.249655486914445	3.13033877978569	0.00174604811269593	0.00899069629706693	"gene-mettl27_ChrAur1"
21.2914521396941	0.977547555606286	0.312296423854787	3.13019132124559	0.001746924870985	0.00899069629706693	"gene-nlgn3a"
248.143875270129	0.328388721522448	0.104912356353531	3.13012435271067	0.00174732318583256	0.00899069629706693	"gene-twf1b"
348.063503564339	-0.402120811756423	0.128566998919422	-3.12771407232154	0.00176171473857901	0.00906114677495505	"gene-ubap2l"
327.982219566764	-0.273454422920403	0.087433058636866	-3.12758614628977	0.00176248160954052	0.00906149238791557	"gene-ccdc134"
143.757960322801	-0.551345473742319	0.176298539305868	-3.12733999903293	0.0017639580380409	0.00906188835805936	"gene-anks3"
506.290950476325	0.605149974458875	0.193502989346324	3.12734173514912	0.00176394762057284	0.00906188835805936	"gene-LOC119022404"
21.25138206306	1.33915230716439	0.428235466057324	3.12714012104996	0.0017651577728748	0.00906348476904544	"gene-arap3"
913.247230207818	-0.480592838879452	0.153689825835911	-3.12703092911669	0.00176581349635734	0.00906348476904544	"gene-ergic2_ChrAur2"
278.375791831455	0.280938058435429	0.0898444442258364	3.1269385754032	0.00176636827712692	0.00906348476904544	"gene-slc29a3"
523.709138963524	-0.278705989164797	0.0891953318899792	-3.12467012857327	0.00178004553938481	0.00912759505039816	"gene-alg9"
153.770157267696	-0.540340646129355	0.172929333680528	-3.1246326729483	0.00178027218726784	0.00912759505039816	"gene-kdm6ba_ChrAur1"
22.5554984098941	-1.23018270418789	0.393761439161752	-3.1241827711894	0.00178299666338692	0.00913433140329273	"gene-g15454"
1307.47036664795	-0.440210108246876	0.140903521711578	-3.12419521456649	0.00178292125835452	0.00913433140329273	"gene-rasl11b"
22.6562780293552	1.35032409228079	0.432309203484688	3.12351456179123	0.0017870502219767	0.00915147782713334	"gene-flt4"
778.736211289158	-0.370594552585765	0.118659712911708	-3.1231708175589	0.00178913877560399	0.00915855189045346	"gene-rps6kb1b_ChrAur1"
262.450213154875	0.608674922259404	0.194907637613665	3.1228890243177	0.00179085259483351	0.0091637028667281	"gene-g2565"
2453.56905619353	-0.24827634273274	0.0795189925589916	-3.12222696418789	0.00179488507243205	0.00918070954702505	"gene-zc3h14"
769.828447971531	-0.257308419947447	0.0824203668363901	-3.12190335743375	0.00179685913237778	0.00918717829586446	"gene-gmeb2"
455.84783847118	0.346275937502532	0.110926601129019	3.12166724643242	0.00179830071127747	0.00919092048609096	"gene-arhgap12b_ChrAur2"
77.9909683032819	0.69670870887738	0.223211866718031	3.12128884150002	0.00180061328479676	0.00919868140025989	"gene-g11916"
3236.21130325078	-0.288358811278254	0.0923875646649177	-3.1211864099255	0.00180123975222447	0.00919868140025989	"gene-prc1b_ChrAur2"
30.3827924862063	0.891900216308286	0.285769571457043	3.12104683420558	0.00180209371422617	0.00919941493612263	"gene-g18969"
201.877822595058	-0.568006706084387	0.182002436302131	-3.1208741906151	0.00180315050917759	0.0092011829173991	"gene-pbx2"
1353.00069549766	-0.226782809969522	0.0726821141050543	-3.12020106682273	0.0018072763115691	0.00921860398232823	"gene-sars1"
13.8552936000751	1.54570826236068	0.495448114547803	3.11981863887291	0.00180962420433068	0.00922694609066401	"gene-ehbp1l1b_ChrAur2"
141.38607220007	0.44910340693878	0.143979277894466	3.11922252636915	0.00181328959109128	0.00924199665258682	"gene-tusc3"
59.2176401651225	-0.759924125714388	0.243640217798808	-3.11904221963023	0.00181439960748535	0.00924401625355733	"gene-g9576"
100.65137681098	0.466701149803884	0.149651426206074	3.11858805248687	0.0018171983496333	0.0092546346150613	"gene-g18680"
68.6627306451939	-0.488204788179195	0.156554170485081	-3.11844000492928	0.00181811152927214	0.00925564560361773	"gene-osgep"
218.262581284644	-0.661609521193105	0.212192760763819	-3.11796462241005	0.00182104661211466	0.00926694486188488	"gene-g1837"
34957.4475291319	-0.494616331425296	0.158785031070589	-3.11500604364533	0.00183941141037862	0.00935304953899233	"gene-acsl5"
701.971063082435	-0.479859605982874	0.154043092465018	-3.11509979645369	0.00183882685694034	0.00935304953899233	"gene-usp1"
150.536730687057	-0.36262719942573	0.116438874743345	-3.11431384256361	0.00184373260559483	0.00937134261187545	"gene-cyb5r4"
2536.73371155947	-0.37600032827363	0.12075790683822	-3.11367046778445	0.00184775735496574	0.00938811514482592	"gene-wdr43"
40.3851717286494	1.16454685971956	0.374109502559613	3.11285025307262	0.00185290006407553	0.00941055244307536	"gene-rbm15b"
55.2652369302238	0.794191391760882	0.25523233431928	3.11164098341629	0.00186050611913936	0.00944547814542293	"gene-lrp1bb"
1371.24649338257	-0.316794222106459	0.101855087180397	-3.11024447453841	0.00186932555373924	0.00948653418749093	"gene-sesn2"
70.623684259837	0.698890588477945	0.224725229680892	3.10997830314986	0.00187101086903694	0.00948765143496372	"gene-g18920"
566.07769275293	0.324945210913662	0.104481275766627	3.11008081141227	0.00187036165308256	0.00948765143496372	"gene-rpusd2"
425.509866966765	0.665410073923405	0.21398514628706	3.10960870634805	0.00187335335691944	0.00949209676270099	"gene-adka"
455.594260856472	0.625709250782688	0.20121213428551	3.10969938768622	0.00187277837340736	0.00949209676270099	"gene-g11429"
105.202838284887	0.560786085126692	0.18039512223571	3.10865437034352	0.00187941436011576	0.00951908305743418	"gene-bcar1"
138370.771695835	-0.586463990294978	0.188681003913723	-3.10823017754955	0.00188211419355438	0.00952661612119862	"gene-g10619"
109.758354254019	0.39121767602512	0.125866736041943	3.10818956880516	0.00188237284025537	0.00952661612119862	"gene-gna11b_ChrAur2"
6932.87364587915	-0.503622653794877	0.162039990071406	-3.10801459302082	0.00188348767588296	0.00952853472279695	"gene-actb2_ChrAur2"
25.4807102251522	1.43510435790644	0.461827402087864	3.10744739575546	0.00188710567068611	0.0095431103245044	"gene-cd81a"
156.76979778357	-0.772169547012912	0.24851293698654	-3.10716036105088	0.00188893901741651	0.00954865308921201	"gene-c5"
235.123151733443	0.423819826133586	0.136425847124643	3.10659479172133	0.00189255620752776	0.00955651865938919	"gene-rhoab_ChrAur1"
1017.43150524333	-0.415953351681601	0.133894688266037	-3.10657097057606	0.00189270869904511	0.00955651865938919	"gene-si:ch211-266o15.1"
404.879134139744	0.532673759076367	0.171465846289027	3.10658810838911	0.00189259898986798	0.00955651865938919	"gene-slc7a10a"
1349.98599265611	-0.383259935888406	0.123391861503105	-3.1060390144026	0.00189611696792109	0.00956999643474123	"gene-prps1b_ChrAur1"
74.8629337879579	-0.758986886791645	0.24439447753992	-3.10558116710174	0.00189905493034285	0.00957363192015189	"gene-akap7_ChrAur2"
2339.58368497622	-0.254401542092307	0.0819127546100409	-3.10576226258569	0.0018978923584652	0.00957363192015189	"gene-eif3d"
77.3037349786485	0.556784599150376	0.179278632634331	3.10569414195629	0.0018983295931951	0.00957363192015189	"gene-timm13"
62.1722519608154	0.676341221012272	0.217849557588373	3.1046251757381	0.00190520291913707	0.00960088832908335	"gene-myo1d"
36.2718765501044	-0.776305584265776	0.250081893109526	-3.10420548490403	0.00190790772399932	0.00960704235362174	"gene-mych"
210.946509758967	0.386915641408649	0.124638300283038	3.10430774914302	0.00190724833120708	0.00960704235362174	"gene-yipf5"
38.7520860740354	-0.704044197428398	0.226842803414834	-3.10366556412589	0.00191139256808218	0.00962084926126401	"gene-dalrd3"
425.900997257883	-0.376452498880042	0.121311610627905	-3.10318605887379	0.00191449236839388	0.00962729086817892	"gene-abhd12"
2312.78386078721	-0.559554612271182	0.180323193348657	-3.10306512368199	0.00191527489232996	0.00962729086817892	"gene-chd4a"
34.867709939134	0.730613719285711	0.235450841770843	3.10304144079805	0.00191542816932057	0.00962729086817892	"gene-crfb2"
667.843076601392	-0.444902893259649	0.143377947814048	-3.10300781984032	0.00191564578544491	0.00962729086817892	"gene-rbm34"
4232.47462106688	-0.248808088805023	0.0801931547556348	-3.10261006145965	0.00191822205329094	0.00963247451706516	"gene-g10924"
660.149663756511	-0.799058296858967	0.257562024166928	-3.10239174211914	0.00191963745247093	0.00963247451706516	"gene-ncf2"
844.00192881114	-0.294854644666445	0.0950362509087612	-3.1025492046137	0.00191861650158176	0.00963247451706516	"gene-ptenb"
106.179444622065	0.453355624153135	0.146131113033021	3.1023894552195	0.00191965228388118	0.00963247451706516	"gene-sec24d"
32.5473946937696	1.30030815404689	0.419258340310504	3.10144850805801	0.00192576361902828	0.00965939761039319	"gene-scd_ChrAur2"
19.7704457208052	-1.26009704975638	0.406415276427251	-3.10051595706182	0.00193183804438862	0.00968611479399031	"gene-cd109_ChrAur1"
1004.3871650818	-0.327946598472606	0.105814858859798	-3.09924902803232	0.00194011872076885	0.00972373974319421	"gene-dctn4"
356.311729980256	0.525715099735232	0.169632666354564	3.09913833834568	0.00194084373686642	0.00972373974319421	"gene-pgm2"
1223.01209959734	-0.497657729968676	0.1606596003813	-3.09759098608216	0.00195100495416104	0.0097708681985072	"gene-igf2bp3"
226.970299321141	0.337687323489265	0.10903521679384	3.09704821450259	0.00195458080436555	0.0097849926545567	"gene-ggcx"
118.094535745243	0.493388845860925	0.159330966577375	3.09662871229318	0.00195734866107286	0.00979506279349098	"gene-rell1"
358.052431479415	-0.573655366578502	0.185266312800483	-3.09638248803647	0.00195897491300091	0.00979941448369052	"gene-znf687a"
181.19204990348	0.712123186725146	0.230013075182768	3.09601176437163	0.0019614257934347	0.00980788627442964	"gene-yy1a"
337.856570385246	0.407374818388466	0.131636241575881	3.09470107556693	0.00197011343634964	0.00984752570982795	"gene-pgm1"
1584.24657394139	-0.456978759929142	0.147703997141563	-3.09388214789586	0.00197555945252284	0.00987093768118181	"gene-slc44a2_ChrAur2"
32.6593963185657	0.659171529228436	0.213162835806401	3.09233796189083	0.00198586617948962	0.00991860890496337	"gene-pip5k1ab"
195.419320231354	-0.504191074700428	0.163096685242089	-3.09136310129199	0.00199239831301525	0.0099397344190526	"gene-acvr1bb_ChrAur1"
105.458673655694	-0.739627896714624	0.23925158607339	-3.09142317028463	0.00199199524635975	0.0099397344190526	"gene-scrn2"
58.4986149076647	0.745055289738794	0.240995657435183	3.09157143190092	0.00199100072204842	0.0099397344190526	"gene-sybl1"
1605.38187372104	-0.597547589467391	0.193381304489522	-3.08999668320971	0.00200158730524553	0.00998173168665186	"gene-arid4a"
7033.48669716279	-0.442852468385081	0.143332389142916	-3.08968873702032	0.00200366356847229	0.00998487104021394	"gene-g14625"
12.8502239237225	1.20044803772578	0.388535423251122	3.08967462395286	0.00200375877025064	0.00998487104021394	"gene-nudt9"
149.622256329087	0.954090557047111	0.308828102401787	3.08939034248196	0.00200567731707232	0.00999058728207832	"gene-cryba1l1_ChrAur2"
132.100715570494	0.421391471452501	0.136410930792405	3.08913273301967	0.00200741731682781	0.00999541010005264	"gene-pcmtd1"
334.531761470569	-0.298248076683541	0.0965778386417141	-3.08816267663627	0.00201398191210274	0.0100242427915613	"gene-traf3"
171.253783574239	-0.444236878136081	0.143857516636298	-3.08803383044075	0.00201485532458339	0.0100247373448634	"gene-g11289"
2533.40156315745	-0.245142293788176	0.0793898349932771	-3.0878297430513	0.00201623948752712	0.0100277717369292	"gene-cax1"
851.306515836615	-0.309356142486363	0.100198020050594	-3.08744765944632	0.00201883320397823	0.0100368172071869	"gene-pld7"
245.223764869972	-0.666572075803367	0.215930591751797	-3.08697378354597	0.00202205429194868	0.0100489735744541	"gene-g10529"
191.165934652284	0.40710657048252	0.131897329841869	3.0865414104334	0.00202499738587676	0.0100597396027963	"gene-erp44"
28.4443879092283	-1.5799891317005	0.511923069951644	-3.08638001379728	0.00202609699382616	0.0100613428554611	"gene-cfap58"
242.323245101386	1.26048264559419	0.408501910374716	3.08562240122195	0.00203126599392562	0.0100831452232007	"gene-pcolcea"
229.524323512135	0.319523810662837	0.103617861264085	3.0836750224798	0.00204460804346795	0.0101454861191392	"gene-snx7"
710.738065401247	-0.27740622636004	0.0899787182800324	-3.08302042597111	0.00204911089663753	0.0101639353590014	"gene-dus1l"
143.578779736116	0.591689310786119	0.191953387447929	3.08246350144056	0.00205294904283083	0.0101790746759962	"gene-snx8a"
298.647600677052	-0.520761235780759	0.168986210812247	-3.08167887354639	0.00205836764049389	0.0102020357106913	"gene-ccnt1"
590.962006573203	0.531298731069223	0.172423444020354	3.08136016008649	0.00206057240316582	0.0102090563096406	"gene-med25"
116.362534422739	0.617260171395295	0.200333470490868	3.08116347150004	0.00206193411576396	0.0102118962651086	"gene-mpc2b"
104.096302310762	-0.997659990126452	0.323840349971579	-3.08071551372153	0.00206503849454045	0.0102194549265546	"gene-ankfn1a"
259.724497010685	-0.522858090806682	0.169716744433451	-3.08076903402836	0.00206466736966508	0.0102194549265546	"gene-snrpg"
877.839471040479	-0.281815012377247	0.0914988876306854	-3.07998293394265	0.00207012456446272	0.0102407117014349	"gene-spout1"
60.4328602293183	0.731917176832927	0.237653227440408	3.07976956473884	0.00207160807879856	0.0102441375442994	"gene-trmt12"
65.4317414619476	0.527272219326421	0.171218902204196	3.07952108405411	0.00207333694552464	0.0102487735807212	"gene-usp20"
744.456013256163	0.368046967216461	0.1195294713005	3.07913155820107	0.0020760498332341	0.0102543559840636	"gene-ndufaf4"
20.6526734625315	1.48807731060606	0.483273194894431	3.07916376560287	0.00207582539847486	0.0102543559840636	"gene-rin3"
101.211432287619	0.559094797272339	0.181583806647815	3.07899039894408	0.00207703375305779	0.0102553046648309	"gene-atp10d"
660.508491633907	-0.201560610753724	0.0655283422914471	-3.07593025712833	0.00209846923226496	0.0103571932267773	"gene-ubxn7"
48.1525820137422	1.21352416704553	0.394537923761626	3.07581120586706	0.00209930724032633	0.0103573821217015	"gene-g18590"
107.211439439678	-0.744667993693632	0.242200808830404	-3.0745892108687	0.00210792668844696	0.0103959476550178	"gene-armc10"
128.050448939877	0.393412982697184	0.127973612543074	3.07417267418912	0.00211087217537051	0.0104065114363241	"gene-g13051"
101.111685436881	0.591369219008394	0.192378370489289	3.07399016586078	0.00211216394899576	0.0104089175431675	"gene-rpz4"
264.361649067736	-0.430154615762505	0.139959715497875	-3.07341733464037	0.00211622309460242	0.0104170297598616	"gene-fsaf1"
73.2129207920233	1.1174021149141	0.363551218626361	3.07357548995733	0.00211510167416796	0.0104170297598616	"gene-g10033"
168.62034346441	0.53700358759134	0.174720678076427	3.07349761632932	0.00211565377893066	0.0104170297598616	"gene-smurf2_ChrAur1"
500.258621865067	-0.359097342281596	0.116861834547066	-3.0728367706479	0.00212034433364641	0.0104333508605831	"gene-tra2b"
257.635911791881	0.372201710798663	0.121156582657696	3.07207171607213	0.0021257864525348	0.0104561566072078	"gene-mdm4"
683.388569452181	-0.522201944255743	0.170014287497822	-3.07151799970007	0.00212973323042693	0.0104692463233968	"gene-rnf20"
1123.37848164943	-0.27364177959979	0.0890914248816844	-3.07147158060603	0.0021300644013706	0.0104692463233968	"gene-seh1l"
29.7274394620854	1.36855173865629	0.445598712711348	3.07126501853881	0.00213153866404263	0.0104725179203399	"gene-rpz5"
344.531852558834	-0.403491796230049	0.131395547123803	-3.07081788585934	0.00213473311838909	0.010484235349358	"gene-styx"
115.053208343735	0.817654052560749	0.266323865019781	3.07014939310834	0.00213951722579239	0.0105037481392105	"gene-g19651"
734.486759133132	0.351201076291109	0.11442123601687	3.06936971244855	0.00214510947422352	0.0105272121260587	"gene-tomm70a"
58.2078797399117	-0.959689493184971	0.312697027474424	-3.06907136577582	0.002147252904463	0.0105337395324622	"gene-syt4"
1626.5409241156	-0.292283105211914	0.0952411445965595	-3.06887434469653	0.00214866945142369	0.010536697487841	"gene-tsr1"
171.033334069261	0.517705598764114	0.168756367431296	3.06776927380167	0.00215663060955453	0.0105664073951295	"gene-ap3s2"
3922.57006835509	-0.539946411666801	0.17600376348793	-3.06781173860426	0.00215632418542374	0.0105664073951295	"gene-lsm12b"
1916.06642407475	-0.411381246485375	0.134101145152517	-3.06769376217853	0.00215717559668925	0.0105664073951295	"gene-znf598"
163.531762129044	0.552228267685844	0.180055245847177	3.06699349462193	0.00216223562884184	0.0105871885176297	"gene-pank4"
187.646102140603	0.468369935316719	0.152721332936226	3.06682718328751	0.00216343896843267	0.0105890771278048	"gene-samd1a"
166.985853425861	0.486308101144918	0.158646762645963	3.06535155860801	0.00217414271776383	0.0106374470486435	"gene-ckap2l"
2820.59231151801	-0.349564931655913	0.114064017346979	-3.0646380847042	0.00217933543991199	0.0106588267682403	"gene-utp4"
308.948945029827	-0.560378556710674	0.182864927695313	-3.0644397685945	0.00218078081883246	0.0106618695298978	"gene-supt4h1"
16.8885580893443	-1.23809012229522	0.404145020879325	-3.06347983602873	0.00218778948335335	0.0106920987165695	"gene-LOC119026821"
1034.88811620857	-0.631708437183383	0.20621720791413	-3.06331582884408	0.00218898899648708	0.0106939254973611	"gene-alas1_ChrAur1"
1877.16515487881	-0.580627948539137	0.189648535211146	-3.06159996381038	0.00220157465707203	0.0107503312252676	"gene-snai1b_ChrAur2"
447.284797619173	-0.363206621763667	0.118636214284069	-3.06151560849695	0.0022021951000413	0.0107503312252676	"gene-wdr21"
287.875037069449	-0.286248591253471	0.0935043060796372	-3.06134127138139	0.00220347787732729	0.0107525403124588	"gene-mrpl44_ChrAur2"
848.008949491114	-0.592906490962213	0.193699020655672	-3.06096793342177	0.00220622721218759	0.0107619015536879	"gene-brf1a"
1236.99249155197	-0.38736776182788	0.126572414621569	-3.06044380196147	0.00221009232577436	0.0107685875512053	"gene-farsb"
294.309284732043	0.858710823497963	0.280581890703555	3.06046417088701	0.00220994200295567	0.0107685875512053	"gene-LOC119017284_fusion_2"
50.0630618282342	0.890065961438533	0.290826911156115	3.0604663024487	0.00220992627255643	0.0107685875512053	"gene-LOC119030028"
49.0754960225484	0.746717128838526	0.244023078007479	3.06002667836048	0.00221317276264665	0.0107795413497694	"gene-rufy2"
10.4245103626007	1.33173446353621	0.435225782857189	3.05987033854837	0.00221432833774378	0.0107811151511728	"gene-rnf215"
13.9608399115655	1.1645131724108	0.380615160958625	3.05955540362038	0.00221665783691117	0.0107843484770235	"gene-gsk3ba"
39.3742785810978	-0.783460647894699	0.256065320370083	-3.05961247217073	0.00221623554780129	0.0107843484770235	"gene-ilkap"
62.8952103157568	0.797518908572296	0.260690002968204	3.05926157310132	0.00221883325672426	0.0107908785234082	"gene-pxylp1"
287.340634317164	-0.34307268460059	0.112165591459783	-3.05862680467031	0.00222353954369929	0.0108097074438624	"gene-zcchc10"
23.7874007853322	1.18005756616202	0.385835119978405	3.05845037182738	0.00222484927214311	0.0108120161063885	"gene-plekho2"
102.862580439429	1.49311032942865	0.488270234607804	3.05795894076561	0.00222850108070166	0.0108201795208287	"gene-col6a1"
128.924666896101	0.758702967993964	0.248113467720441	3.05788708273113	0.00222903551552551	0.0108201795208287	"gene-cst14a.2"
411.827549973922	0.44982863464684	0.147097453879063	3.0580314124041	0.00222796220120891	0.0108201795208287	"gene-vdac1"
101.58427010711	-0.450800671493664	0.147472938445688	-3.05683657113598	0.00223686198036435	0.0108541024757207	"gene-nsun3"
1034.64173377545	0.435602076154608	0.142517075333074	3.05649042500044	0.0022394463299407	0.0108544421478525	"gene-fth1a"
1172.05387231806	-0.618227006148511	0.20226526318584	-3.05651596527718	0.00223925555112545	0.0108544421478525	"gene-g1686"
55.2796825103515	1.02586289865677	0.335615330974383	3.05666280404538	0.00223815899498037	0.0108544421478525	"gene-itgb1a"
313.882208724894	0.430422172927653	0.140841304858455	3.0560791336052	0.00224252061488013	0.0108652766492003	"gene-gadd45ab"
469.097518930118	-0.429086356414569	0.140433446234641	-3.05544275896809	0.00224728495360347	0.0108842884944348	"gene-tmem120b"
1837.62704319227	-0.474072643143493	0.155174031698764	-3.05510295732858	0.00224983273923662	0.0108884842323817	"gene-hipk1b_ChrAur1"
17.4839973963822	1.41276679929079	0.462418826792649	3.0551671286608	0.00224935138886192	0.0108884842323817	"gene-ptprna"
27.6171031248027	0.863222224808176	0.28261991008778	3.05435743907804	0.00225543180728094	0.0109033584681207	"gene-arrdc1b"
894.699933096489	-0.623338931959063	0.204081762947808	-3.05435881656155	0.00225542145019998	0.0109033584681207	"gene-mrps18b"
1323.06090749645	-0.372339944437421	0.1218978851563	-3.05452341490584	0.0022541841749025	0.0109033584681207	"gene-nfx1"
2958.0204626124	0.362449702146863	0.118670916867381	3.0542420309427	0.00225629969759795	0.0109034840983549	"gene-eif3ba"
3404.42823596384	-0.236974471607292	0.0776076948591116	-3.05349195124908	0.00226194789529121	0.0109226275883357	"gene-hnrnpl2"
26.5965486446633	-1.06900267959352	0.350089636487947	-3.05351135302835	0.00226180163431515	0.0109226275883357	"gene-tle3a_ChrAur2"
406.070589252054	-0.323440326638143	0.105934746766356	-3.05320337765574	0.00226412434035094	0.0109290623674562	"gene-map4k5"
344.124704291736	-1.17115235991533	0.383614896189679	-3.05293765061787	0.00226613017147023	0.0109346690948998	"gene-rgs7a"
1049.23088905115	-0.350540604550081	0.114832442450778	-3.05262691508401	0.0022684778125415	0.0109419203539013	"gene-cnot2_ChrAur1"
80.2017086271622	-0.613825397477626	0.201104977256146	-3.05226357821965	0.00227122568814719	0.0109470204269424	"gene-mfsd3"
400.003526190013	-0.496036423961367	0.162512307619821	-3.05230066095539	0.00227094509594557	0.0109470204269424	"gene-wu:fi46h04"
1493.56621920805	-0.387399814084416	0.126943547647534	-3.0517487596932	0.00227512442405439	0.0109617322975924	"gene-mrps2"
15.6355438318034	1.31623770662432	0.431343955541694	3.05148058692825	0.00227715773207439	0.0109674487869451	"gene-cotl1"
163.767004840951	-0.706601831580315	0.231603980485599	-3.05090538642211	0.00228152456548869	0.0109803138787232	"gene-cc2d2a"
175.713187142145	0.451048595244418	0.147840424008587	3.05091518959809	0.00228145007707841	0.0109803138787232	"gene-crk_ChrAur2"
40.8693389507257	0.741711063597917	0.243183037878068	3.05001150602375	0.00228832599315736	0.0110089561431579	"gene-sema4ba_ChrAur1"
77.7535729072593	-0.53145221930815	0.174315753746549	-3.04879053032045	0.00229764626180302	0.0110496905817345	"gene-marchf8"
286.559787378208	0.611935003475011	0.200727544929017	3.04858510420883	0.00229921778662698	0.0110531438584284	"gene-thap12b"
605.198663993844	-0.428630933301619	0.140645648344674	-3.04759470588947	0.00230680823114964	0.0110855188874282	"gene-gar1"
142.528246189679	0.660107455164106	0.216625525908212	3.047228402085	0.00230962140452134	0.0110949209235741	"gene-arhgef1"
385.751815793669	-0.262415047915927	0.0861221702715288	-3.04700923221717	0.00231130610737857	0.011098897069581	"gene-echdc1"
227.869280826356	0.545927524770311	0.179196571700335	3.04652884589359	0.00231500265222953	0.0111125275570884	"gene-kctd10"
916.42489102517	-0.301340457860474	0.0989189901408268	-3.0463357686069	0.002316489895596	0.0111155467350366	"gene-ltv1"
71.8617072287819	1.09127562953887	0.358263105887793	3.04601733085141	0.00231894468241495	0.0111166615381258	"gene-elna"
146.268129715383	0.544907608717594	0.178889348832517	3.04605954615977	0.00231861911428276	0.0111166615381258	"gene-gbe1b"
1933.66025834572	-0.368664592852232	0.121033495946233	-3.04597161281705	0.00231929731109689	0.0111166615381258	"gene-pak1ip1"
468.125345981238	-0.336054310097908	0.110360992333131	-3.04504610726505	0.00232644641460464	0.011139878653991	"gene-fancd2"
102.262245114933	-0.51742853592892	0.169926681895508	-3.04501053134844	0.00232672162451128	0.011139878653991	"gene-g14959"
84.6144150745059	0.572375446387771	0.187958327521998	3.04522525782094	0.00232506098601533	0.011139878653991	"gene-mkks"
134.784766845488	-0.357432985875425	0.117391138015213	-3.04480382351437	0.00232832127501331	0.0111434178982621	"gene-cenpq"
105.937567425539	-0.609464827375797	0.200174482031744	-3.04466793764026	0.00232937340401812	0.0111443350407975	"gene-g17259"
311.060938150702	-0.336230657252169	0.110459592101325	-3.04392448727987	0.00233513745845319	0.0111677862719451	"gene-polr3d"
88.9965351936261	0.740909447771902	0.243471925533957	3.04310012806207	0.00234154407746607	0.0111910476139778	"gene-gbp"
40.4891999485814	0.685055226101996	0.225119306649667	3.04307629717466	0.00234172952157207	0.0111910476139778	"gene-nhsa"
12.3832907843244	1.1131819956434	0.365933167970808	3.04203634181695	0.00234983522229213	0.0112256421851366	"gene-abcc2"
21.9404227808976	1.02933002858923	0.338397653513286	3.04177649550047	0.00235186454420957	0.0112257409023434	"gene-g10186"
143.584080009669	0.49876652782087	0.163970444795962	3.04180749428053	0.0023516223687489	0.0112257409023434	"gene-nfs1"
675.307204846769	-0.581040582838951	0.191024899182777	-3.04170076950543	0.00235245624345302	0.0112257409023434	"gene-optn"
1214.82597814482	-0.295477838863017	0.0971588865798063	-3.04118181325917	0.00235651487456066	0.0112409665342302	"gene-exosc10"
54.1503438397593	0.63501520370753	0.208828055557983	3.04085196795415	0.00235909784634936	0.0112491444065061	"gene-recql"
1576.81263661836	-0.384091362848492	0.126321556565412	-3.04058446785844	0.00236119450499351	0.0112549981723117	"gene-khdrbs1a"
134.83895838717	0.615397599423669	0.20243272437982	3.04001045932184	0.0023656993284201	0.0112681765363622	"gene-ciz1a_ChrAur1"
104.335532306831	-0.383253140430784	0.126068524486962	-3.0400382806925	0.00236548080475937	0.0112681765363622	"gene-tnpo2b_ChrAur2"
209.200865531576	-0.409957047445374	0.134859002338154	-3.03989381752521	0.00236661569556757	0.011268397012241	"gene-bmal2_ChrAur2"
20.9243206680195	1.40116177675715	0.460998733352567	3.03940482995982	0.00237046084237756	0.0112825572839514	"gene-esyt1a_ChrAur1"
32.7872711016808	1.02280213607004	0.336612494423452	3.03851506707109	0.002377472156481	0.011311771454293	"gene-slc12a9"
18.2402936558584	1.18338785763358	0.389483875821028	3.03834877667017	0.00237878462541783	0.0113138595974243	"gene-zc4h2"
775.288110537554	-0.308329795234329	0.101492966184262	-3.03794249814859	0.00238199402279013	0.0113249649739923	"gene-impdh2"
301.112327355677	0.559152280215848	0.184099240658066	3.03723295227698	0.0023876085892475	0.0113391708248421	"gene-g14168"
58.0472239185422	1.13887566939786	0.374970441480978	3.03724118866481	0.00238754334608231	0.0113391708248421	"gene-g3001"
254.955661823373	0.693248464703972	0.228235508318288	3.03742598954934	0.002386079905921	0.0113391708248421	"gene-nsd1b"
600.361932510931	-0.35138290675755	0.115731621040215	-3.03618754839224	0.00239590284362819	0.0113743906626938	"gene-LOC119015091"
44.3076838100566	0.697385096004123	0.229761233808883	3.03526005864075	0.00240328363733382	0.0114052496838074	"gene-grinaa_ChrAur1"
434.024648152941	0.725203639129237	0.238993383794321	3.03440885105569	0.00241007570112193	0.011433293188729	"gene-ptrhd1"
100.254929362701	0.424762235940587	0.140029738650525	3.03337162544218	0.00241837581117802	0.0114479061542072	"gene-frmd8"
1142.71077297655	-0.317443792437569	0.104633661760339	-3.03385915294322	0.00241447125444158	0.0114479061542072	"gene-g11836"
38.7638664426827	0.891324106096746	0.293809707927426	3.03367820071117	0.00241591980805621	0.0114479061542072	"gene-g20983"
186.733639261438	-0.615745477018211	0.202998531329339	-3.03325089588576	0.00241934361393445	0.0114479061542072	"gene-mmab"
45.9819642239826	0.63290327427531	0.208629783714097	3.03361899249548	0.00241639395265431	0.0114479061542072	"gene-pde3b"
3045.62995420754	-0.43036491973914	0.14187054920953	-3.03350429061587	0.00241731273772823	0.0114479061542072	"gene-pds5a"
26.6860215869994	1.05601043531444	0.348144730971655	3.03325123539042	0.00241934089187076	0.0114479061542072	"gene-znf395a"
651.921689637428	-0.315219164944048	0.103946459693852	-3.03251467988853	0.00242525300847847	0.0114716770317037	"gene-gzf1"
85.685917611457	0.548633377474454	0.180950393836815	3.0319545917608	0.00242975751999337	0.0114887877478766	"gene-castor1"
61.8926822934638	-0.748275227008753	0.246860551018522	-3.03116566791026	0.0024361154334562	0.0115146463425881	"gene-pde4dip"
1387.61784017911	-0.276166971301859	0.0911278510734606	-3.03054409874357	0.00244113536005542	0.011522450000836	"gene-api5"
1248.97548530172	-0.234678934511191	0.0774329669643692	-3.03073669667312	0.00243957888637825	0.011522450000836	"gene-dnajc7_ChrAur2"
84.7858290619489	0.593750016809605	0.195923437708754	3.03052061434442	0.00244132521058559	0.011522450000836	"gene-ifngr1l"
47.8278361076506	1.01808739287565	0.335908339732102	3.03084881336263	0.00243867323741953	0.011522450000836	"gene-plk2b"
322.125659137494	0.334106497280035	0.110270316024086	3.02988609561124	0.0024464598489198	0.0115424777790019	"gene-vps13d"
392.054584838393	-0.533173557335739	0.176003840331487	-3.02932911197595	0.00245097520249936	0.0115595702285394	"gene-chek2"
375.113392927318	0.40933626551181	0.135149102727041	3.02877531002585	0.00245547232269494	0.0115765642705577	"gene-cyp2y3_ChrAur1"
34.8689877122909	1.19527917623798	0.394736964655504	3.02803963971584	0.00246145797297479	0.0116005612110613	"gene-g17540"
182.807725304296	-0.38040639206398	0.125633194635746	-3.02791307000438	0.00246248912998753	0.0116011992442592	"gene-hax1_ChrAur1"
884.315552628454	-0.464515385796388	0.153425241792723	-3.02763339570908	0.00246476902408676	0.011607717683981	"gene-dock1"
1393.8463760861	-0.441502353616044	0.145832694742246	-3.02745796747693	0.00246620009385803	0.0116102353382607	"gene-syncrip"
403.144294481456	0.352663275837897	0.116530096433245	3.02637075427054	0.00247508609190967	0.0116478342937217	"gene-gtf2h1"
596.888906624718	0.574971547705132	0.190011017115146	3.0259905790447	0.00247820024193488	0.0116582532994183	"gene-nr6a1a"
122.010953467796	0.657951592149734	0.217443795585152	3.02584670387654	0.00247937970921368	0.0116595666717597	"gene-g2533"
540.348220521651	-0.648779101847562	0.214429339400859	-3.02560789330568	0.00248133857665687	0.0116645429786872	"gene-LOC119027804"
632.75433479316	-0.422843623287726	0.139763832043542	-3.02541521010953	0.00248292011175226	0.0116677425135354	"gene-g11407"
119.001370138186	1.20234127688019	0.397453132297883	3.0251146089322	0.00248538927465038	0.0116751093565459	"gene-anpepa_ChrAur2"
29.6118176765911	1.67677832531925	0.554345607812783	3.02478869082253	0.00248806893109464	0.0116834592917356	"gene-mypn"
54.0659963470215	0.730026038909889	0.241385771482736	3.0243126362653	0.00249198774028548	0.0116971658906456	"gene-degs1"
349.090386258482	-0.302425090147366	0.100001195354618	-3.02421475138296	0.00249279421343386	0.0116971658906456	"gene-nol10"
941.84571741834	-0.562806719056557	0.186108248620298	-3.0240826144402	0.00249388326789727	0.0116980377408683	"gene-ect2l"
224.992445823811	-0.447246097445167	0.147910871269012	-3.02375405950886	0.00249659305933665	0.011706508584891	"gene-rbm25b_ChrAur3"
41.3993025159223	1.27027037664525	0.420133672694085	3.02349099632911	0.00249876464214337	0.0117124505538903	"gene-dusp1"
106.491473963603	0.77136203970581	0.255160988367438	3.0230406483417	0.00250248627007712	0.0117256511156906	"gene-tmem132e"
172.916719628336	0.759441095114453	0.251298584143675	3.02206674861431	0.00251055181993747	0.0117549373174295	"gene-col6a4a_ChrAur1"
546.231567406781	-0.323895179083866	0.107176031816357	-3.02208594211484	0.00251039263559522	0.0117549373174295	"gene-dhx33"
29.9515945903911	0.76523974448275	0.253274566763181	3.02138408235151	0.00251621962918989	0.011777217353682	"gene-spryd3_ChrAur1"
164.5647723688	0.435995109028378	0.144311526799593	3.02120779051732	0.00251768518543624	0.0117798196663962	"gene-g14985"
73.7113377661007	0.649146466479832	0.214926793778447	3.02031428965991	0.00252512508672545	0.0118096447864327	"gene-ppp1r2"
24.6647885469108	0.887078029871437	0.293712724552561	3.02022335335591	0.00252588341119748	0.0118096447864327	"gene-zbtb26"
301.707834120789	-0.310811109123274	0.102919193549521	-3.01995282321875	0.00252814061354354	0.011815932546374	"gene-fzr1a_ChrAur2"
4533.80334945791	-0.277990254385974	0.0920800349063116	-3.0190068310554	0.00253604813209154	0.0118456667182738	"gene-hdlbpa"
153.989360409778	0.529200721872956	0.175291641400837	3.01897293929058	0.00253633185157695	0.0118456667182738	"gene-peli2"
70.1558403589226	0.604623545240397	0.200346238133754	3.01789317769342	0.00254538611306427	0.0118836681868404	"gene-mrs2"
163.406059495609	-0.804667728381489	0.266711696448957	-3.01699452665543	0.00255294421439418	0.0119146596470699	"gene-g11298"
43.1369839254618	0.930584728650403	0.308459889885836	3.0168743462718	0.00255395654557018	0.0119150904977231	"gene-serpinb1l1_ChrAur3"
486.018841376068	-0.515818890715568	0.171011088664483	-3.01628914676746	0.00255889118135828	0.0119338133560573	"gene-fhod1"
17.6180356179909	0.996098403167218	0.330286054960527	3.01586575699135	0.00256246680755685	0.0119461870499168	"gene-tgfbr1b"
211.736048422766	0.524688717427962	0.173999199930175	3.01546626443407	0.00256584480510327	0.011957630827957	"gene-tasora"
2842.85362964466	-0.514051414504437	0.17047871328047	-3.01534076960521	0.00256690679458749	0.0119582769412599	"gene-g19742"
133.843261985605	0.528685182868267	0.175358713119723	3.01487832262613	0.00257082368408174	0.0119722177391379	"gene-g21284"
44.3000734999152	0.66677503736383	0.221181613696964	3.01460427120928	0.00257314745641416	0.0119787321020919	"gene-stam2"
909.986589242965	-0.428214283694005	0.142060060669399	-3.01431860352742	0.00257557177134045	0.0119857096696479	"gene-cactin"
169.870631395514	-0.784073171970102	0.260172130426045	-3.01367087507083	0.00258107644894571	0.0120027005710219	"gene-agmat"
1045.08277168222	-0.363181462815992	0.12050843276202	-3.01374314221813	0.00258046175862781	0.0120027005710219	"gene-orc3"
12.0041332229814	1.08072971812165	0.358668516453484	3.01317140631106	0.00258532849503092	0.0120150556569726	"gene-g17073-2"
50.3094850814934	1.08260665908251	0.359295071216564	3.01314085778253	0.00258558876658038	0.0120150556569726	"gene-prelid1a"
30.9049019381168	0.87003126080487	0.288780295973022	3.01277917135368	0.00258867213389732	0.0120250691557045	"gene-hddc2"
4420.6720548501	-0.683862937429355	0.227084252197619	-3.01149432781551	0.00259965259613436	0.0120717464225658	"gene-cspp1_ChrAur2"
25.4579498471006	-0.922781689432551	0.306431451377309	-3.011380474442	0.0026006276549018	0.0120719457916248	"gene-pcdh15b"
395.439323836293	-0.389005679087426	0.129199755517693	-3.01088556652999	0.0026048700135735	0.0120873061790722	"gene-lemd3"
181.889325244157	-0.652071550392389	0.21660027034858	-3.01048354807219	0.00260832077859691	0.0120989836689142	"gene-LOC119011472"
87.3248153537906	-0.573971287719522	0.190679661860553	-3.01013376108919	0.00261132660920875	0.0121085896583826	"gene-g1454"
33.1802767972116	-0.844313961918685	0.280539207385996	-3.00961127603454	0.00261582238763929	0.0121250951117811	"gene-tmc8"
61.9394609192154	0.9830140343468	0.326653209654037	3.00935060576299	0.00261806799760654	0.012131162303042	"gene-sptlc2b"
246.562681582082	0.670545464890687	0.222855064908577	3.00888591051663	0.00262207560410784	0.0121453866769673	"gene-pak1"
879.449509749112	-0.550537047786456	0.183008223083627	-3.00826399224086	0.00262744790266014	0.0121572267907651	"gene-g7870"
883.177240280206	0.340499566897538	0.113182051957674	3.00842369446413	0.00262606739225074	0.0121572267907651	"gene-psmb1"
926.572272984752	-0.304196608858264	0.101120093188821	-3.00827065388714	0.00262739030428111	0.0121572267907651	"gene-smchd1"
32.8832505505223	0.806094273969334	0.268055624247398	3.00719030325348	0.00263674640534805	0.0121958938198795	"gene-phldb2b"
361.927375481235	0.288894941704488	0.0960804619856444	3.00680217115996	0.0026401151536157	0.0122071157995276	"gene-ubap1"
349.493811463928	-0.361661578230472	0.120293262960993	-3.0064990285262	0.00264274898134006	0.01221493292553	"gene-c1qc"
205.412817018762	-0.703902160759046	0.234174873818422	-3.00588252395024	0.00264811283685037	0.0122353583125399	"gene-rgn"
297.177196426322	0.349211131778989	0.116192761209017	3.00544653681823	0.0026519121177259	0.0122485427377561	"gene-ccdc115"
22.433425422928	0.921876249695231	0.306856947406139	3.00425412390968	0.00266232850803171	0.0122878889905626	"gene-g21707"
2859.28089346676	-0.42215034671413	0.14051669755761	-3.00427176308391	0.00266217414792209	0.0122878889905626	"gene-ttc3"
28.3551405315948	1.58332220493215	0.527237556108544	3.00305277305812	0.00267286077956182	0.0123321054350214	"gene-LOC119013412"
524.52068536388	-0.430296195157919	0.143307491908225	-3.0026078150435	0.00267677139105774	0.0123457501017054	"gene-med23"
171.951351151309	0.74466285551186	0.248059959100002	3.00194702205711	0.00268258856491646	0.0123593754906557	"gene-lipeb"
1563.77195023197	-0.751458431691587	0.250322107047706	-3.00196590926096	0.00268242213450656	0.0123593754906557	"gene-tuba8l2_ChrAur4"
74.9330291552311	0.720689470604149	0.240058618051702	3.00213954597094	0.0026808925232681	0.0123593754906557	"gene-twnk"
259.708979140402	-0.413671076531946	0.137848974109901	-3.00090065379915	0.00269182371745533	0.0123975138566017	"gene-ppp1r10"
1202.44783298408	0.532787936119816	0.177637569083709	2.99929760842847	0.00270602841270823	0.0124585047895429	"gene-ivns1abpa"
78.4945312730293	0.679258702353025	0.226488454611823	2.99908754076317	0.00270789490391227	0.0124604524490435	"gene-slc19a2"
444.481707530723	-0.430331603649249	0.14349009797611	-2.99903345052352	0.00270837569639854	0.0124604524490435	"gene-tbc1d31"
70.9490578416787	0.494289958949658	0.164826845043546	2.99884377947699	0.002710062243812	0.0124637841333839	"gene-g2755"
149.393601701543	0.360605098618299	0.120323394227694	2.99696580979013	0.00272681293899233	0.0125363700294248	"gene-stk3"
344.564304278643	-0.298388696865771	0.0995773017549397	-2.99655334706806	0.00273050457805341	0.0125488874344818	"gene-afg1la"
479.066262368124	0.589609626936433	0.196807206093056	2.99587417880242	0.0027365932455435	0.0125724083444604	"gene-vps8"
434.637361982799	-0.604176766705273	0.201685235921291	-2.99564201586405	0.00273867740330452	0.012577521649006	"gene-slc25a1b_ChrAur1"
20.9994290897886	1.18987809226011	0.397300893771771	2.99490414170484	0.00274531103030848	0.0126035176013914	"gene-shdb"
122.376468503553	-0.68464694937568	0.228616116765887	-2.99474489839572	0.00274674458187977	0.0126056304322909	"gene-hfm1"
546.67333564913	-0.449410590048436	0.150147627842947	-2.99312480992717	0.0027613679762398	0.0126682524478504	"gene-g9577"
121.837148376341	0.435733106387298	0.145588618252493	2.99290639349025	0.00276334489800079	0.0126683468226578	"gene-asf1bb_ChrAur1"
42.363508048813	-0.631534473233508	0.211009077205645	-2.9929256200577	0.00276317082341556	0.0126683468226578	"gene-ephb6"
89.0189907397547	0.582957204221876	0.194794540247931	2.99267732801904	0.00276541959468571	0.0126733719641807	"gene-nfil3"
467.59456149823	-0.379728585802492	0.12690397655087	-2.99225127630477	0.00276928222407905	0.0126865843947817	"gene-lpcat3"
344.144596819074	0.294265500900271	0.0983693656436644	2.99143436551401	0.00277670220906401	0.0127160786101797	"gene-laptm4a"
589.609546048661	-0.462064962204124	0.154552490504142	-2.98969599711329	0.00279255224626304	0.0127841442705382	"gene-akr7a3"
751.745840241508	-0.451266322337941	0.150956943090342	-2.98937109549094	0.00279552377250223	0.0127887065975544	"gene-dmgdh"
30.344877823041	0.697184106773863	0.233220592513338	2.98937627788589	0.00279547635204601	0.0127887065975544	"gene-g17536"
71.9251169575819	-0.591230545041994	0.197797192093795	-2.98907451002456	0.00279823884219329	0.0127966070781234	"gene-akap7_ChrAur1"
21521.2364262861	-0.604652909773154	0.202384268112204	-2.98764778217805	0.0028113334042291	0.0128519516124854	"gene-eef1b2"
63.0725453871302	1.01726555423091	0.340690917710638	2.98588985308647	0.00282754468631646	0.0129182301412522	"gene-arrdc3a"
66.0297554584256	0.987726748108618	0.330801497337671	2.98585936296528	0.00282782661187939	0.0129182301412522	"gene-LOC119032583"
546.940333556457	-0.41296972053787	0.138330496648536	-2.98538449975441	0.00283222072777125	0.0129337414123291	"gene-LOC119033015"
23.0130891162924	0.756854020038753	0.253532474696354	2.98523501159055	0.00283360529650042	0.0129355030648491	"gene-tafazzin"
214.156805599656	-0.467316087370964	0.15658836688179	-2.98436018381713	0.00284172040512509	0.0129679777895613	"gene-hoga1"
920.460837821656	-0.476771060456082	0.159763479788801	-2.98423057063072	0.00284292453080811	0.0129689029934822	"gene-g15436"
453.972130100591	0.424312037379963	0.142197550116796	2.98396165778839	0.00284542425695008	0.0129757357576621	"gene-adgra3"
13.9793803358161	1.11432273617552	0.373501054312312	2.98345271936969	0.00285016067641642	0.0129927599156174	"gene-spring1"
600.984081191455	-0.300397992708207	0.100692889910683	-2.9833088808422	0.00285150060924992	0.0129942942964094	"gene-atad5b"
2267.55624284364	-0.326964072206886	0.10963119907247	-2.98239985490581	0.00285998198317335	0.0130283597130067	"gene-g17317"
308.475626644363	0.348004890230636	0.116717468627444	2.98160073486042	0.00286745693113073	0.0130532283708521	"gene-bcas2"
13.7903816163057	1.54827621964886	0.519276033284513	2.98160538982656	0.0028674133371035	0.0130532283708521	"gene-ephx2"
2072.11910362995	-0.31130764759105	0.104445603412778	-2.9805720625763	0.00287710536049501	0.0130925479704044	"gene-abce1"
590.77803103075	-0.306871644793401	0.102968226109367	-2.98025571954069	0.0028800784521711	0.0130968736074677	"gene-ccdc61"
16.354212201145	1.20734553795347	0.405113404474454	2.98026558642201	0.00287998567774934	0.0130968736074677	"gene-tmtc2b"
405.746051055164	-0.350055346333101	0.117491580244236	-2.97940793378915	0.00288806004487184	0.0131285593685978	"gene-tbl1xr1a_ChrAur1"
14.4194917647138	1.10141000426135	0.369835841089208	2.97810509932615	0.00290036511690463	0.0131706271490294	"gene-ablim1a"
143.263234631699	-0.506669116927444	0.170121786394249	-2.97827296354191	0.00289877698389869	0.0131706271490294	"gene-g8458"
27.6571482994822	1.01703923626287	0.341493184466937	2.97821239932048	0.00289934987950149	0.0131706271490294	"gene-vdac3_ChrAur2"
916.252645486571	-0.534742957922887	0.179575928314739	-2.97780979300107	0.0029031608842415	0.0131787019319354	"gene-mlxipl"
417.05153528783	-0.453710078354595	0.152395769503858	-2.97718289577	0.00290910409284897	0.0131967224944761	"gene-larp7"
463.196539872974	-0.302609764705176	0.101643219919462	-2.97717609639828	0.00290916861414016	0.0131967224944761	"gene-mapkapk2a_ChrAur1"
191.131652494037	-0.500530466126112	0.168141254071885	-2.97684508712016	0.00291231124108588	0.0132063525501762	"gene-pde8b"
25.1109199774163	0.79697380492024	0.267774171744055	2.9762908040362	0.00291758058530791	0.0132256164369348	"gene-g14698"
1146.73268814233	0.508078675887257	0.170729859941452	2.97592158783175	0.00292109540082576	0.0132369162127692	"gene-atrx"
158.962322000449	-0.722320755337584	0.242742474645472	-2.97566693423779	0.00292352186977472	0.0132432779767235	"gene-cramp1"
77.3401241411776	0.605227070477571	0.203435726127084	2.97502843772628	0.00292961387971292	0.0132662340406161	"gene-dhrs12lb"
812.658499738722	-0.372792995782203	0.125321419429451	-2.97469496818191	0.00293280017582192	0.0132760206490981	"gene-cdca8"
195.199448082842	-0.321390844461048	0.108072615677757	-2.97384163828651	0.00294096813542885	0.013308343229189	"gene-g20360"
34.7630803610282	0.656163822425823	0.220693928093317	2.97318475453649	0.00294726987353968	0.0133322012337452	"gene-eif4ebp2"
11.3052785599041	1.18592958470635	0.398961567065769	2.9725409227472	0.00295345835384959	0.0133555304262242	"gene-map2k7"
15.1189952730022	1.02942523652858	0.346448581135769	2.9713651392475	0.00296479053652226	0.013402095022164	"gene-ube2d4"
39.2748173028985	1.07463673012958	0.361781986735308	2.97039866419834	0.00297413510065081	0.0134396453902752	"gene-g12157"
26.1264137832271	1.21004759624018	0.407422619497234	2.97000593077871	0.00297793999762219	0.0134521454165347	"gene-LOC119005155"
34.2059617228525	1.40566666961102	0.473354516734931	2.96958541624767	0.0029820189678815	0.0134658743560088	"gene-tubb5_ChrAur1"
35.8462098376606	0.801589666563599	0.269963544708193	2.96925152405318	0.00298526133556081	0.0134758172035023	"gene-rap1b"
19.4458500667206	0.988833808816706	0.3330921492263	2.96864939961374	0.00299111659014124	0.0134975438881251	"gene-spsb4a"
656.855789333198	-0.440421343990963	0.148362942990564	-2.9685400890098	0.00299218068514974	0.0134976426518197	"gene-zc3h18"
71.6103634295604	-0.638048003470327	0.214954145786868	-2.96829819743494	0.00299453663068831	0.0135035668189569	"gene-gng5"
1388.22474588201	-0.227608493596936	0.0766955216414539	-2.96768949119336	0.00300047272163739	0.0135256255544469	"gene-eif2s1b"
5232.52166264731	-0.378493532703813	0.12755790714675	-2.96722908967433	0.00300496967605845	0.0135411838116329	"gene-ganab"
123.713677726278	0.45527639800783	0.153501843503125	2.96593439933873	0.00301764848980088	0.0135747014905909	"gene-anxa13l"
70.7220207742544	0.514913631619194	0.173603729301761	2.96602863135597	0.00301672403813866	0.0135747014905909	"gene-arhgef11"
132.885353383484	-0.440067202053705	0.148362685831226	-2.96615823303654	0.00301545301870806	0.0135747014905909	"gene-g20410"
3048.76956004198	-0.487972793271582	0.164515278679504	-2.96612446690871	0.00301578412016263	0.0135747014905909	"gene-orc1"
10264.3405357498	-0.331200349313054	0.11166571246299	-2.96599862220755	0.00301701841117441	0.0135747014905909	"gene-uba1"
727.035305670099	-0.242298470073583	0.0816979347156191	-2.96578451973107	0.0030191193977227	0.0135766025416343	"gene-dnaja3a"
252.085480630969	0.561564006391398	0.189360133927435	2.96558728991287	0.00302105599384456	0.013580595687706	"gene-hycc1"
74.3408553764384	0.531381542477606	0.179203507504269	2.96524074711511	0.00302446143625641	0.0135911866970704	"gene-tmed1b"
48.8536856356526	0.824992887277284	0.27825114018708	2.96492185700518	0.00302759823156665	0.0135958476758043	"gene-lats2"
114.752569463715	0.63676732880137	0.214764716926577	2.96495317254121	0.0030272900617368	0.0135958476758043	"gene-mffb"
13.0420276397771	1.04639912371292	0.35301251065856	2.96419841257414	0.00303472547224704	0.013623129840926	"gene-slc25a37"
742.439685484897	-0.249783523561607	0.084274076722205	-2.9639425702043	0.00303724964463451	0.0136297367109014	"gene-usp12a"
98.6881311718564	-1.0094109332519	0.340627678500873	-2.96338494186493	0.00304275791133778	0.0136497255662403	"gene-g4784"
2645.35029662796	-0.514299644591868	0.173580530225949	-2.96288785339236	0.00304767584323217	0.0136670532706717	"gene-zhx3b"
733.805245756052	-0.501465352141966	0.169283591256501	-2.96227973674152	0.00305370208836621	0.013683252907822	"gene-htt"
582.937326602399	-0.709205696022249	0.239426152176055	-2.96210622597633	0.00305542351721564	0.013683252907822	"gene-mapkbp1"
253.249025583055	-0.496219812039963	0.167511580367473	-2.96230153731101	0.00305348586388993	0.013683252907822	"gene-palb2_ChrAur2"
102.048056831639	0.493776285652855	0.166698212402416	2.96209706472951	0.00305551443204549	0.013683252907822	"gene-ubash3ba"
159.292834489569	0.415035014128225	0.140148051741016	2.96140409354516	0.0030623985290783	0.013704719178031	"gene-btbd8"
904.822766842292	-0.324595089206239	0.109608605636623	-2.96140150055686	0.00306242431481906	0.013704719178031	"gene-mob4"
565.885680685947	-0.331653213938385	0.112010140733632	-2.96092132164246	0.00306720282606649	0.0137103328375481	"gene-gabpa"
41.4101685004065	1.32801381103667	0.44847621158223	2.9611689020281	0.00306473817581957	0.0137103328375481	"gene-LOC119019663"
16.7520021266577	1.38616638101967	0.468165015200252	2.96084999095192	0.00306791325482313	0.0137103328375481	"gene-nudcd1"
192.822243839557	-0.441001662818655	0.148940859904944	-2.96091793145353	0.00306723658776777	0.0137103328375481	"gene-pald1a"
22.4463948570471	0.982997083116475	0.33208835903035	2.96004679593914	0.00307592316102325	0.0137366485718662	"gene-bicd2_ChrAur1"
161.879736710852	0.745290509813134	0.251782697909914	2.96005450731882	0.00307584616828456	0.0137366485718662	"gene-eci2"
14.9095010014639	-1.02759918447411	0.347216224053544	-2.95953677647174	0.00308101925275568	0.0137546640270386	"gene-slc35d1a_ChrAur2"
306.590942960289	-0.533626154693019	0.180324266876728	-2.95925869510294	0.0030838010715531	0.0137575982355095	"gene-acad11"
33.3973907354448	0.598207595866654	0.202146796714011	2.95927318953748	0.0030836560182593	0.0137575982355095	"gene-ptdss1b"
1069.9097852935	-0.432265202114624	0.146155430546864	-2.95757195266186	0.00310072372813438	0.0138249974491379	"gene-cnot4a"
239.404874431012	-0.319678827295072	0.108089429930123	-2.95754013599421	0.00310104374872563	0.0138249974491379	"gene-hdac3"
149.028201320087	0.43255508618534	0.14626317022141	2.95737529502845	0.00310270224569457	0.0138276313778356	"gene-fbxo31"
889.747308841494	-0.354671423680519	0.119945215491368	-2.95694515389856	0.00310703378845545	0.013842172203057	"gene-LOC119008415"
554.703870309547	-0.260036336216787	0.0879466650844162	-2.95675038919542	0.00310899689161713	0.0138461550011463	"gene-naa35"
352.313975850747	0.467566243609947	0.158147732025502	2.95651564282029	0.0031113644872659	0.0138519358798833	"gene-fbxo28"
765.872020984445	-0.39619437836497	0.134013460341308	-2.95637749637935	0.00311275856738201	0.0138533801395754	"gene-st14"
1952.9220298379	-0.335715602301787	0.113584076273669	-2.95565728327019	0.00312003569745165	0.0138809970174154	"gene-ide"
154.331530130222	0.585080168912642	0.198045848522637	2.95426626347972	0.00313413467314654	0.0139389348049179	"gene-gak"
36.1426926672878	1.40987850569211	0.477329801837777	2.95367793978904	0.00314011521073079	0.0139506345967221	"gene-fbn2b"
505.874993381205	0.315572616016099	0.106836449984865	2.95379166998532	0.00313895828882734	0.0139506345967221	"gene-mettl16"
791.527146709536	-0.42794521192545	0.144887297075654	-2.95364204152414	0.00314048046700177	0.0139506345967221	"gene-pi4kb"
482.825574170587	-0.268016141313284	0.0907426935775274	-2.95358370736814	0.00314107408571089	0.0139506345967221	"gene-pphln1"
29.6782017795589	0.896865688054017	0.303687780151322	2.95324918113967	0.00314448025956431	0.0139609749199922	"gene-ikzf5_ChrAur2"
5615.12818387891	-0.235784193721654	0.0798504635565703	-2.95282185249446	0.00314883625301868	0.0139755237535452	"gene-npepl1"
103.719233527313	0.597033394804433	0.202217343621856	2.95243416865804	0.00315279288345899	0.0139882907275359	"gene-mmadhcb"
715.200410179019	-0.572297120273629	0.193858231247182	-2.95214248366845	0.00315577275416249	0.0139967167599858	"gene-cep135"
500.368029420616	-0.353030112681856	0.1195932545295	-2.95192328422481	0.00315801379766284	0.0140018612439341	"gene-mov10a"
705.459193044923	-0.390522596882869	0.132302668204965	-2.9517363646655	0.00315992596506181	0.0140055445494577	"gene-ptbp1b"
17.4288801055217	1.21324496977218	0.411072967323671	2.95141025125326	0.00316326459791086	0.0140155456064124	"gene-snx33"
119.467591261211	0.384850465327235	0.130428281511638	2.95066730058003	0.00317088267166851	0.0140444943504716	"gene-park7"
554.252901929653	-0.532129770063754	0.180352135394678	-2.95050440572415	0.00317255519782857	0.0140470982451548	"gene-r3hdm1"
19.0040505633426	0.839843120470984	0.284706530472284	2.94985548479628	0.00317922599120749	0.0140670159932109	"gene-g18669"
441.31392259577	-0.420755196011983	0.14263142013053	-2.94994746337747	0.00317827969057443	0.0140670159932109	"gene-simc1"
57.4497776723284	0.706649730925316	0.239664490859434	2.94849574249101	0.00319324538048236	0.0141193994273223	"gene-celsr1a"
328.863689849102	-0.696745070526096	0.236299772516359	-2.94856428809241	0.00319253730653049	0.0141193994273223	"gene-LOC119013556"
590.417052630453	-0.230200848572118	0.0780784757575369	-2.94832662060384	0.00319499301660824	0.0141223053099294	"gene-hpdl"
118.072137360693	0.461618544475781	0.156589132289998	2.94796029408273	0.00319878147370485	0.0141342268392874	"gene-usp48"
772.170335624762	0.308813268034437	0.104759577063111	2.94782851068974	0.00320014534549796	0.0141354305489578	"gene-msl1b"
523.035655955423	0.384112166929017	0.130312784987313	2.94761689704056	0.00320233651691577	0.0141402864747958	"gene-ppp2r2d"
64.975351264681	-0.640962579578878	0.217592754688487	-2.94569817132239	0.00322226661529038	0.0142234406730149	"gene-wsb2"
46.2433986626517	0.841220774793973	0.285613447262005	2.94531221431702	0.00322628923859336	0.0142363447799055	"gene-g7348"
36.5954345853771	0.749190182171544	0.254410462711139	2.94480885018547	0.00323154240902898	0.0142546681673482	"gene-asb7"
36.3939910765158	0.605367197124559	0.205584351115169	2.94461710651036	0.0032335455187856	0.0142586476042875	"gene-ccdc167"
34.839179168518	-0.870861856674204	0.295803233780848	-2.94405793183248	0.003239393572696	0.0142795732334874	"gene-g5053"
1097.78250028495	-0.358154283799198	0.121668283270613	-2.94369472611523	0.00324319727223976	0.0142914759689613	"gene-nudt8"
271.570853590959	0.57342237316553	0.194810488166881	2.94348820005172	0.00324536194658058	0.0142961505340698	"gene-nsd1a"
125.887402307835	0.65497822824267	0.222529239043731	2.94333558617866	0.0032469623934674	0.0142983372858879	"gene-g17285"
28.0645642013692	1.19492923394128	0.406049228723708	2.94281862742894	0.00325238903471574	0.0143173658696817	"gene-c1qtnf5"
37.8729846241156	0.886339019423034	0.301214759144799	2.9425484393245	0.0032552285514718	0.0143201307643041	"gene-abhd17ab"
15.7317734642377	-1.24794752042334	0.424097925136549	-2.94259284579507	0.00325476171075304	0.0143201307643041	"gene-slc12a1"
1264.00733088494	-0.349540950019485	0.118810517238318	-2.9420034366011	0.00326096308085234	0.0143404865399384	"gene-tfip11"
32.8026455169978	-0.706622911098404	0.240193767993553	-2.94188694819663	0.00326218996731596	0.0143410123104919	"gene-tmem26b"
83.8663232133323	0.574332226971147	0.195299321750351	2.9407794242384	0.0032738757239284	0.0143875006788587	"gene-dedd1"
378.461696845222	-0.463158368286583	0.15752154937561	-2.94028575850394	0.00327909678891656	0.0144055571618923	"gene-arpc4"
736.038074177573	-0.371328087009261	0.126305054933107	-2.93993052935151	0.00328285842435398	0.0144171920833532	"gene-nucb1"
27.8904763861069	1.60546817528355	0.546242077988898	2.93911479905468	0.0032915113362031	0.0144502926492089	"gene-g1005"
12.0443492174649	0.919750821298138	0.312970347853292	2.93877943264223	0.00329507477955435	0.0144610347238253	"gene-tpk2"
352.283004470222	0.626606317114043	0.213248405901743	2.9383868754581	0.00329925036860527	0.0144744551232408	"gene-anxa5b"
182.062517545106	-0.582344992513094	0.198201216346872	-2.93815044754282	0.00330176755222443	0.0144805931489531	"gene-macroh2a1"
92.3694947992269	0.698124637858745	0.237666133850372	2.93741740376971	0.0033095831936688	0.0145099566490199	"gene-med31"
1389.32710146962	-0.403227002466796	0.137279618265341	-2.93726780101777	0.00331118031259235	0.0145120461009758	"gene-cwc22"
331.055506687974	-0.317746162594205	0.108240610835616	-2.93555404151184	0.00332952609687248	0.0145875143709728	"gene-dph7"
172.171983668662	-0.695928264434506	0.237263627609655	-2.93314348872489	0.00335548774883249	0.0146962873977442	"gene-akip1"
255.565486949097	0.333281150520865	0.113631356484569	2.9330033613224	0.00335700257519752	0.0146979514372492	"gene-ogt.1"
21.7940049418395	1.20538117758655	0.410988794027048	2.93288088411292	0.00335832710677715	0.0146987814666681	"gene-LOC119006018"
852.613291679359	-0.28205916975989	0.0962045531637387	-2.93186923575051	0.00336928580552223	0.0147417636713914	"gene-chtf18"
68.6418700762319	0.584685798186338	0.199440192904291	2.93163474058072	0.0033718306226565	0.0147479157021359	"gene-pdp1"
123.264308826544	-0.498024820170253	0.16990212380396	-2.93124540776721	0.00337605965319901	0.0147614276058678	"gene-tbc1d19"
3058.53063629134	-0.605326314180221	0.206548087070898	-2.93067983714824	0.00338221162696551	0.014777265606175	"gene-g6966"
175.170893937925	0.605493089631405	0.20661077830793	2.9305977867669	0.00338310497431155	0.014777265606175	"gene-il6st"
379.963029963206	-0.61350494426332	0.209335236235302	-2.93072946197033	0.00338167142655054	0.014777265606175	"gene-znf423"
221.242129130512	0.352929982253792	0.120438018900956	2.93038681202509	0.00338540300956965	0.0147823177265464	"gene-dtx2"
642.864727051696	-0.470561283390593	0.160590250601389	-2.93019832541767	0.00338745729557649	0.0147863024721979	"gene-ubtf"
22.4652401855626	1.19033679891716	0.406537138950763	2.92799029871986	0.00341160689858292	0.0148866984311143	"gene-zmp:0000000936"
30.9161159878073	0.67180926069742	0.229471423153249	2.92763801028401	0.00341547440934027	0.0148985547576173	"gene-tm9sf1"
898.216565007638	-0.311916266659024	0.106554977325247	-2.92728011857143	0.00341940752091788	0.0149106891593964	"gene-nufip1"
750.280155770502	0.578194927231702	0.197535267427929	2.92704657127952	0.00342197635114866	0.0149118491667989	"gene-appa_ChrAur1"
70.6187505647107	0.625498186811	0.213694365247844	2.92706916293999	0.00342172778453305	0.0149118491667989	"gene-chpfa"
71.4608710021735	0.753802534887733	0.257569066216491	2.92660351633277	0.00342685442327798	0.0149280832949456	"gene-trhde.2"
482.769427255694	-0.314712086866526	0.107555892747154	-2.92603295670989	0.00343314565713376	0.0149454350942989	"gene-asnsd1"
54.0218944982423	0.86477675020261	0.295536236389231	2.92612764095591	0.0034321009011788	0.0149454350942989	"gene-g1146"
194.109607580321	0.604923531685285	0.206775516929923	2.92550849668675	0.00343893784892314	0.0149656196510093	"gene-pomk"
68.0458568942416	0.576934052755755	0.197257605679476	2.9247746912898	0.00344705700332574	0.0149959137554826	"gene-trim24"
223.769305710877	0.604120286818648	0.206595529161591	2.92416921736061	0.00345376937379238	0.0150200695634604	"gene-cox7b"
40.6613472510407	1.4577714704378	0.498663850243085	2.92335502107717	0.00346281442574238	0.0150492985328153	"gene-g1004"
23.7373812947678	0.981475131835422	0.33573387345406	2.92337237746646	0.00346262138583052	0.0150492985328153	"gene-slc2a4rg"
545.10405381952	0.527534525288328	0.180478903794956	2.92297057548435	0.00346709278933802	0.0150628375426759	"gene-mark4"
540.444547208149	-0.412319872346255	0.141083905369715	-2.92251530226469	0.00347216559115018	0.0150798177635768	"gene-xrcc5"
49.5319997212586	-0.764276817662481	0.261569118855239	-2.9218923893132	0.00347911723318284	0.0151049437770536	"gene-bnip1a"
153.597458849234	0.480773688756828	0.164570385013026	2.92138642513824	0.0034847730592778	0.0151244289177972	"gene-eif1ad"
136.208321634476	0.663563759333484	0.227167403107512	2.92103422522922	0.0034887149983086	0.015136464972561	"gene-ephb4a"
47.9814292802372	1.08132374508573	0.370327138534174	2.91991494159951	0.00350126934916789	0.0151858470666689	"gene-cyp11a1.2"
496.349654156936	1.66324873471395	0.569657647711035	2.91973388121289	0.00350330405644472	0.0151895851473102	"gene-fn1b"
148.181709192148	0.882136760286025	0.302169093144333	2.91934807463802	0.00350764323507986	0.0152033090821684	"gene-ctss2.1_ChrAur1"
21.7007481444486	1.07600364817532	0.368653614237552	2.91873890996756	0.00351450448709558	0.0152279516936684	"gene-map3k15"
51.2207585667791	0.700550472366108	0.240030574055262	2.91858849700047	0.00351620052412855	0.0152302050127053	"gene-g7197"
14.281784974199	1.08835529336269	0.373010719469915	2.91775875746775	0.00352556995204098	0.0152656825305526	"gene-g13051-2"
1106.39192085465	-0.233668008471677	0.0800916320935394	-2.91750838837664	0.00352840158065349	0.0152728371895198	"gene-kat5b"
1233.59919086317	0.328369136071036	0.112574258006381	2.91691139596428	0.00353516180708377	0.0152969864896565	"gene-psmd12"
244.301947699928	-0.684498767662454	0.234688770923887	-2.91662342841467	0.00353842690712805	0.0153060009599918	"gene-LOC119008507"
703.304210535937	0.443039272011574	0.15194164203627	2.91585154717372	0.00354719236710894	0.0153350265164421	"gene-ddx54"
309.933231153267	-0.627233495885632	0.215128993949931	-2.91561580970166	0.00354987332995856	0.0153350265164421	"gene-gcc1"
12.4674128447478	0.980858046564508	0.336396431902533	2.91578017346124	0.00354800388180077	0.0153350265164421	"gene-phaf1"
985.289831506094	-0.300380703498619	0.103023924066333	-2.91564028666987	0.00354959487590395	0.0153350265164421	"gene-zc3h11a"
326.31838477691	-0.52196120428231	0.179038943984661	-2.9153501057682	0.0035528973010174	0.0153429719724829	"gene-ago1"
14.0297239149211	1.33445336336757	0.457790287897267	2.91498836617311	0.00355701801915517	0.0153556467886929	"gene-tsku"
270.347185966314	0.582890102801454	0.199992278171575	2.91456304278601	0.00356186860645587	0.0153714629530856	"gene-casp8ap2"
63189.1236801574	-0.541994326275452	0.185995979806152	-2.91401097400238	0.00356817363190281	0.0153935432067866	"gene-zp3b_ChrAur2"
42.2515427080859	0.654717419157028	0.224771295073025	2.91281597565347	0.00358185616602573	0.01544742564309	"gene-ankrd52a_ChrAur1"
70.5265055270921	-0.532260915834566	0.182746376359502	-2.91256618291294	0.00358472227554309	0.0154546398770168	"gene-tnfaip8l1"
566.205865525316	-0.281384915282557	0.0966728461895847	-2.91069236474878	0.0036062889797702	0.0155424454499181	"gene-usf2"
70.8267326405671	0.552986023896109	0.189991939882567	2.91057622885427	0.00360762952129669	0.0155430505423531	"gene-fxr1"
572.26785115916	-0.672697902873815	0.231158778823962	-2.9101118559988	0.00361299424722246	0.0155609871951374	"gene-g2484"
161.886518809677	-0.702415233265005	0.241404538688698	-2.90970185183967	0.00361773690197967	0.0155762335829584	"gene-iyd"
85524.7189375047	-0.536212498035406	0.184307613779801	-2.9093344926924	0.00362199107617442	0.0155867424697728	"gene-g20214"
278.29898889291	0.347939496416252	0.119596294096855	2.90928326035316	0.00362258472967463	0.0155867424697728	"gene-g20573"
184.182336004933	0.721111645367454	0.247908763952169	2.90877835003276	0.00362844010116815	0.0156039843850299	"gene-g6548"
43.5437231718532	1.04826490429816	0.360398635421395	2.90862617465928	0.003630206544058	0.0156039843850299	"gene-pdgfrb_ChrAur1"
491.888773044738	-0.43267353381284	0.14875146774284	-2.90870093840581	0.00362933859312792	0.0156039843850299	"gene-rbb4l"
1711.17071288385	-0.345169081679192	0.118691457721611	-2.90812067106615	0.00363608001575711	0.0156240452170107	"gene-nono"
513.197601754106	-0.353311782447813	0.121518585720901	-2.90747115226707	0.00364363949289448	0.0156254222094293	"gene-akirin2_ChrAur2"
272.716610809722	-1.29468388491028	0.445281825923463	-2.90756058194213	0.00364259781064489	0.0156254222094293	"gene-g3120"
672.865045995123	-0.350641334615593	0.12058587179305	-2.90781440148615	0.00363964278020914	0.0156254222094293	"gene-mfap3l"
301.519925404466	-0.299545157936812	0.103021762973801	-2.90759106901508	0.00364224275728336	0.0156254222094293	"gene-mknk1"
22.7972943715831	0.817365005581794	0.281124368287493	2.90748543273172	0.00364347313500796	0.0156254222094293	"gene-naa60"
155.174261168473	0.797109434476551	0.274127765526322	2.90780261877563	0.00363977990919798	0.0156254222094293	"gene-slc12a7b_ChrAur1"
383.931831260883	-0.387414531775021	0.133276669329744	-2.90684433909814	0.00365094825714458	0.0156515825482554	"gene-sfrp2l"
154.823399547446	-0.609017636276708	0.209540566243551	-2.90644263874347	0.00365563916875074	0.0156613241397588	"gene-ciz1b"
158.214455729419	0.567210557088716	0.195155779545671	2.90645021330755	0.00365555066505463	0.0156613241397588	"gene-tnca"
69.6124620362376	0.604235398996229	0.207905598297625	2.90629691525306	0.00365734222927073	0.0156634388926208	"gene-tmem94"
379.685709456541	-0.299022124530373	0.102913707483301	-2.90556167728086	0.0036659459133779	0.0156950960410437	"gene-pycr3"
80.2870893926069	0.576308934683696	0.198439503436761	2.90420468053306	0.00368187370269952	0.0157580787586456	"gene-g6338"
212.422752246122	0.481698179899976	0.165894620429684	2.9036395432976	0.00368852555612539	0.0157813328303204	"gene-hsd17b7_ChrAur2"
2448.45945056797	-0.508316350231932	0.175093861426781	-2.90310777368112	0.00369479463715912	0.0158029343942694	"gene-atxn2l_ChrAur1"
29.1643293021933	1.15239490689012	0.396977528406754	2.90292226745223	0.00369698386525397	0.0158070775962048	"gene-kif13a"
84.7702827167475	-0.470632810298632	0.162134185620683	-2.90273644942275	0.00369917795523782	0.0158112388443185	"gene-g19705"
24.6334566825284	0.945918038016054	0.325912380199034	2.90236915037834	0.00370351840798438	0.0158245684268577	"gene-g5749"
36.8203498026052	-0.761914105615583	0.26254704108431	-2.90200987399783	0.00370776853411121	0.0158329453482345	"gene-ccdc112"
479.902921742353	-0.377561941599625	0.130104192091299	-2.90199674223162	0.00370792396272065	0.0158329453482345	"gene-g17295"
473.73727835764	-0.332905073141031	0.114729302128922	-2.90165691731432	0.0037119482174926	0.0158449048664294	"gene-edrf1"
337.495334618065	-0.5487373926637	0.189147227698534	-2.90111253197053	0.00371840318136482	0.0158672288638734	"gene-plcd1b"
51.0622073751943	1.14938230364495	0.396315232382271	2.90017190794297	0.00372958053562858	0.0159096829765895	"gene-coro1a"
2028.35216132446	-0.879901474663656	0.303410656405405	-2.90003484085928	0.00373121183903321	0.0159114008980306	"gene-LOC119011469"
355.307452558774	0.516792136358886	0.178223326139543	2.89968853995159	0.00373533622785811	0.0159237457165867	"gene-arhgef12a"
231.896138485434	-0.267430877617359	0.0922382588756616	-2.89934871795292	0.00373938748196962	0.0159357707400423	"gene-swt1"
70.6829050030315	0.690978848141213	0.238334207113252	2.89920132116357	0.0037411459430356	0.0159380201013994	"gene-pik3r1_ChrAur1"
460.899624491782	0.304906754206066	0.105173623418982	2.89908005728208	0.00374259319895451	0.0159389426240249	"gene-uchl3"
16.0772151980278	1.08867251681058	0.375544003379678	2.8989213168448	0.00374448849786339	0.0159417720367616	"gene-ogdhb"
780.923061087893	-0.224708866424238	0.0775219514863841	-2.89864821661134	0.00374775124980054	0.015950419466371	"gene-acaa2"
22.6284101946338	-1.11778986890506	0.385644014444648	-2.89850179709064	0.00374950160029351	0.0159526265523657	"gene-g3555"
98.3487800747891	0.773529363465941	0.266883484879352	2.8983785332975	0.00375097571509489	0.0159536573025267	"gene-si:zfos-2326c3.2"
17.0182344679223	0.868333043438666	0.299627052019791	2.89804621306794	0.0037549525659047	0.0159653285229914	"gene-atg5"
774.971958980541	-0.296385089094329	0.102288923100105	-2.89752868748332	0.00376115338651143	0.0159864448666588	"gene-uqcc1"
64.6356755164565	-1.28640923112025	0.444072149815543	-2.89684735161751	0.00376933111940354	0.0160159472858908	"gene-elovl4b"
3249.6145186485	-0.38221486014526	0.131981226429174	-2.89597900009188	0.00377977692848352	0.0160550642836307	"gene-ube4b"
164.46083844038	-0.370831975006847	0.128091637570521	-2.8950521832675	0.00379095506290599	0.0160972652523592	"gene-gas8_ChrAur2"
43.3462791488402	-0.71527905249395	0.247084940088101	-2.89487110075955	0.0037931425642977	0.016101274778833	"gene-g9184"
4299.99541518971	-0.576093370512252	0.199023835779217	-2.89459485220317	0.00379648189432186	0.0161101694014949	"gene-ankhd1"
319.33610996921	-0.498291147205608	0.172180840158785	-2.89399881395679	0.00380369598761298	0.0161354951639619	"gene-g14958"
1039.77817594816	-0.31010241382636	0.107201914958363	-2.89269472422019	0.0038195233772909	0.0161973304712817	"gene-ddx41"
601.489238530445	-0.332899676726067	0.115091858440855	-2.89246938259444	0.00382226434430353	0.0162036482890589	"gene-aaas"
13.5215904241485	-1.27860898351941	0.442078386215611	-2.89226757830184	0.00382472052928533	0.0162087550964576	"gene-rnf166"
486.347486137536	0.257234756862525	0.0889990678235136	2.8903084397763	0.00384864009508065	0.0163031828579306	"gene-g1014"
97.1132253739136	-0.607312212354445	0.210142535047229	-2.89000136130438	0.00385240158195857	0.0163031828579306	"gene-kdm6ba_ChrAur2"
16211.5939477524	-0.516126841676848	0.178588962218817	-2.89002654623448	0.00385209295928675	0.0163031828579306	"gene-LOC119025141"
439.161159087877	-0.395390058212233	0.136816561221987	-2.88992834405994	0.00385329648120805	0.0163031828579306	"gene-ndufaf5"
12.9922110692561	1.27316718951215	0.440508218300347	2.89022346603322	0.00384968062728182	0.0163031828579306	"gene-pik3cg"
130.519733846964	0.534901102593171	0.185114757566278	2.88956488194442	0.00385775388289234	0.0163167114752902	"gene-abl1"
97.8491688424827	0.776992680711997	0.26896968192786	2.88877421106664	0.00386746664111512	0.0163471150356012	"gene-extl3"
25.5623163656729	0.748591941233601	0.259134546224994	2.88881568335406	0.00386695663575558	0.0163471150356012	"gene-mxi1"
216.070374992538	-0.391194757630647	0.135447626389796	-2.88816251755385	0.00387499604126298	0.0163735966493954	"gene-ankra2"
470.730028649313	-0.472938764472693	0.163800951865307	-2.88727726601729	0.00388591627775664	0.0164133091624629	"gene-ttc29"
154.143855359501	-0.384569704331379	0.133198370022686	-2.88719527322955	0.00388692913298385	0.0164133091624629	"gene-ube2d2"
22.8757254770717	0.791408799143609	0.27415589568794	2.88671085171349	0.00389291807729819	0.0164330315778059	"gene-nudt14"
25.2131102587967	1.10829945469686	0.383944685772737	2.88661230579677	0.00389413743435151	0.0164330315778059	"gene-thnsl2"
930.437446104187	-0.45045556079064	0.156091323674165	-2.8858462481294	0.00390362807917198	0.0164577378428743	"gene-cbll1"
29.8278694369784	0.864323645711198	0.299513497884628	2.8857585778793	0.0039047155595979	0.0164577378428743	"gene-g15252"
698.892029836189	-0.598124767319695	0.207269859536024	-2.88572959261228	0.00390507515953616	0.0164577378428743	"gene-hps4"
168.202796432648	0.653330790047283	0.226390800600869	2.88585396718093	0.00390353234359339	0.0164577378428743	"gene-tha1_ChrAur1"
1217.03952175527	-0.267778586115849	0.0927992800678526	-2.88556749492082	0.00390708674677899	0.0164608589647153	"gene-farsa"
283.394351223237	-0.565139622724221	0.19587786948889	-2.88516321011075	0.00391210791034793	0.0164766535111922	"gene-kidins220b"
142.158119181151	1.17765695626493	0.408214127743194	2.88490004688369	0.00391537951110942	0.0164850715371841	"gene-mrc1b"
282.153115584609	0.363544849081633	0.126051254064473	2.8841033893696	0.00392529857576013	0.0165198258147349	"gene-ercc3"
211.947506238904	0.417960987879023	0.144922437882004	2.88403227262384	0.00392618514846375	0.0165198258147349	"gene-gtpbp10"
725.774841656823	-0.396600281813536	0.137532112867879	-2.88369220499457	0.00393042709598076	0.0165323031244062	"gene-mapk7"
539.298215748709	-0.301290423667635	0.104491823876813	-2.88338754640585	0.00393423089130048	0.0165429299588417	"gene-ube2nb_ChrAur2"
490.174682991571	-0.449516324446404	0.155917103356605	-2.88304691896627	0.00393848773174219	0.0165554542725716	"gene-tada2a"
705.431819164744	-0.222740063316723	0.0772860588072217	-2.88202124360248	0.00395133092763957	0.0166040515392148	"gene-ndrg3a"
1128.75935992226	-0.482928010847075	0.167605017568956	-2.88134578458183	0.0039598095784861	0.0166342827930501	"gene-foxk2b_ChrAur1"
144.337641212159	0.567448449157532	0.196964012089252	2.8809752763383	0.00396446736986245	0.0166484490619613	"gene-ggt7"
52.2563105309535	0.737760120166948	0.256235686627301	2.8792247086177	0.00398654173576889	0.0167303699023211	"gene-clic1"
128.250652455185	0.571032042520857	0.198335534948294	2.87912119565325	0.00398785050486181	0.0167303699023211	"gene-g540"
385.98141070284	0.458041932048344	0.159090439594714	2.87912921238519	0.00398774913114984	0.0167303699023211	"gene-nuak2"
59.6453056656372	0.819306803521359	0.284638113228699	2.87841566341142	0.00399678131787798	0.0167624076579785	"gene-shc1"
142.734827372198	0.549086049946217	0.190786732453688	2.87800961253688	0.00400192944591782	0.016773135357308	"gene-cdr2a_ChrAur2"
224.101909759414	-0.427877152209854	0.148670713913491	-2.87801908625278	0.00400180926456864	0.016773135357308	"gene-clip1b"
618.478168432308	-0.385975269820196	0.134132909645326	-2.87755831764771	0.00400765826500426	0.0167917121287836	"gene-eml4"
1558.53156843604	-0.4977144502391	0.173038701436605	-2.87631868539793	0.00402343271566413	0.0168523535254095	"gene-nup160_ChrAur1"
135.944084113845	0.577269291654596	0.200716172459292	2.8760477274031	0.00402688818247389	0.0168613736990687	"gene-mgat5b_ChrAur2"
349.822660846009	-0.443042537231686	0.154077710690175	-2.87544859828928	0.00403453830857772	0.0168879462296025	"gene-cnpy3"
375.873485094353	-0.445151284514789	0.154816685706256	-2.87534436281243	0.00403587061118723	0.0168880647125964	"gene-g18568"
14.7858191664246	1.09192599301107	0.379802518004171	2.87498355395073	0.00404048543247098	0.0169019143526911	"gene-zmiz1a_ChrAur2"
3514.1668705816	-0.291149172913247	0.101281751122814	-2.87464592274081	0.00404480814453068	0.0169090736861901	"gene-eif3c"
710.607269105278	-0.280442723689896	0.0975559497128811	-2.87468600854457	0.00404429470412346	0.0169090736861901	"gene-g19121"
104.392545125386	0.659640676271798	0.229565895074061	2.87342628163033	0.0040604582751262	0.0169690206909195	"gene-g14292"
17.522396960231	1.01760587903722	0.354168991125145	2.87322127158685	0.00406309430214885	0.0169745594539128	"gene-fkbp9"
47.4237932781429	0.817669566514253	0.284616879191591	2.87287798544033	0.00406751176689557	0.0169875346317525	"gene-dip2ca"
498.445310414918	-0.389602723961297	0.135643453939165	-2.87225599648938	0.00407552673281772	0.0170155211852747	"gene-ecsit"
58.7400762732448	0.480561531667376	0.167323103942784	2.87205723742552	0.004078090967847	0.0170207399692512	"gene-ube2h_ChrAur2"
52.1056125663203	0.775322393112043	0.270000464189667	2.87155948208816	0.00408451904699275	0.0170420767324752	"gene-sgms1b"
122.228215605068	0.500033552419822	0.174176228513949	2.87084843141942	0.0040937176020307	0.0170694580373148	"gene-dcun1d2b"
105.702277973807	-0.485611305678377	0.169150496020957	-2.87088313130464	0.00409326826863638	0.0170694580373148	"gene-elp4"
28.8638869250028	0.888246471062387	0.30945858319755	2.87032423494084	0.00410051093954982	0.0170922810357611	"gene-edil3a"
212.712120957619	0.566195363609117	0.197285350126063	2.86993110865721	0.00410561238111896	0.0171080392367669	"gene-cat"
1626.90038384346	-0.190764822526389	0.0664746767853293	-2.86973674415052	0.00410813669822419	0.017113051906948	"gene-uqcrc1"
329.146260953878	0.53241145575865	0.185551161080885	2.86935124877264	0.0041131475029261	0.0171187693386911	"gene-si:dkey-260j18.2"
101.759169400808	0.449695754862049	0.156725216976108	2.86932609530604	0.0041134746492168	0.0171187693386911	"gene-tmed8"
1184.23359374219	-0.292234854945966	0.101842501677371	-2.86947836249881	0.00411149462138009	0.0171187693386911	"gene-utp18"
29.9558589190459	0.931312273567982	0.324613704104247	2.86898631140014	0.00411789619724405	0.017131665162386	"gene-slc45a4b_ChrAur1"
363.575713045954	-0.29885126322126	0.104174122146714	-2.86876680180103	0.00412075492954926	0.0171325512335771	"gene-g2508"
56.2872558191092	0.694206466674349	0.241985689215167	2.86879141045848	0.00412043435480626	0.0171325512335771	"gene-mocs1_ChrAur1"
854.755432024563	-0.363395228885841	0.126721539883575	-2.86766740066218	0.00413509984037068	0.0171866745932736	"gene-setdb2"
85.209480844109	-0.43928621911865	0.153211694349904	-2.86718465573138	0.00414141296742165	0.0172073915114141	"gene-pop5"
335.053288664808	-0.347821221145933	0.12131752375719	-2.86703198659147	0.00414341132710818	0.0172101732191719	"gene-im:7147486"
304.740842821784	-0.346793899071362	0.120971752142028	-2.8667345304233	0.00414730738694926	0.0172208329491439	"gene-fdxacb1"
12.6214181548945	1.29274296186757	0.450991954453253	2.86644351213491	0.00415112234045053	0.0172311491766586	"gene-rasl11a"
979.342627060519	-0.314546039039782	0.109761028384445	-2.86573516729512	0.00416042133037071	0.0172642155237524	"gene-mrpl45"
392.796756323143	-0.411009613475858	0.14343231925097	-2.86552999785701	0.00416311827570796	0.0172698734108564	"gene-wrap53"
102.204662630322	0.525629841570332	0.183488205826832	2.8646519224587	0.00417467847657307	0.0173122833653851	"gene-scp2a"
1401.53093241599	-0.27516782205164	0.0960635762895956	-2.8644344993165	0.00417754543067279	0.0173186270398986	"gene-LOC119034119"
465.390777642033	-0.66373665321561	0.231828951547895	-2.86304470940285	0.00419591351919595	0.0173892083158742	"gene-kif16ba"
135.541093344996	0.584103719864044	0.204033157720774	2.86278821731225	0.00419931143130445	0.0173977230795982	"gene-cd164"
15.1322842627839	1.26626256732387	0.442520023627443	2.8614808363789	0.00421666994800553	0.0174528898998465	"gene-gramd2aa_ChrAur1"
1397.6763611808	-0.372722368341857	0.130252986529693	-2.86152646685678	0.00421606300297932	0.0174528898998465	"gene-mir7146"
478.628719745999	0.576356552574684	0.201405868792699	2.86166712037528	0.00421419262582134	0.0174528898998465	"gene-ube2o"
28.4642991556837	0.733564668672449	0.256385209992199	2.86118169099836	0.00422065093609291	0.0174618435883735	"gene-LOC119018989_fusion_2"
193.952633744916	0.323522920763513	0.113075791517137	2.86111568553098	0.00422152978729036	0.0174618435883735	"gene-papss1"
671.037540802439	-0.402848795456527	0.14085533571657	-2.86001799936881	0.00423616963977532	0.0175168049184962	"gene-g1658"
121.293377095499	-0.588843226036273	0.205926378562783	-2.85948420083902	0.00424330554445867	0.0175407118117728	"gene-larp1"
34.5366863899861	1.06222261625373	0.37150901598179	2.85921086853462	0.0042469637136263	0.0175502319895259	"gene-si:ch211-114m9.1"
87.4336968133484	-0.718418019689999	0.25128742795679	-2.85894931366616	0.00425046693615595	0.0175591059936701	"gene-mbd1a_ChrAur2"
1583.04635970546	-0.321961929853249	0.112643361366611	-2.85824149729861	0.00425996045788878	0.0175758992959916	"gene-bora"
58.2161006509701	-0.758893825691912	0.265493246658807	-2.85842986683269	0.00425743209285375	0.0175758992959916	"gene-ckbb"
2997.30923297043	-0.322698631818216	0.112899740924088	-2.85827610565726	0.00425949582970961	0.0175758992959916	"gene-gpia"
302.95158455516	0.448906160068241	0.157056476631818	2.85824672560685	0.00425989026324706	0.0175758992959916	"gene-mpp1"
146.267721295564	-0.451918715330671	0.158174972582764	-2.85708104102378	0.00427556658548799	0.0176346696970239	"gene-g1787"
882.66363160231	-0.435722815637675	0.152624257325061	-2.85487263475862	0.00430540911794936	0.0177521023516594	"gene-zbtb11"
517.140875094996	-0.565130997163372	0.197999679487286	-2.85420157561245	0.00431451458509571	0.0177839842111949	"gene-tbpl2"
370.920568313156	-0.345800161524652	0.121169369083078	-2.85385790271434	0.00431918457137637	0.0177929886672782	"gene-pcid2"
25.5887515721699	0.739813103013513	0.25923438713136	2.85383860991648	0.00431944686664524	0.0177929886672782	"gene-stox2a_ChrAur1"
204.088991474338	-0.408067400308663	0.14299947184684	-2.85362872350833	0.00432230131102468	0.0177990856213293	"gene-vsig8b"
155.351482147632	-0.371298059551249	0.13012771824337	-2.853335665633	0.0043262897442235	0.0178098469413346	"gene-gba3"
14.185251044654	-1.08695982884064	0.380967378222064	-2.85315722808964	0.00432871986183614	0.0178141884113886	"gene-cdx1a"
1482.45313603926	-0.3070010158492	0.107672525625994	-2.85124746600245	0.00435480627392112	0.017915850080544	"gene-nsun5"
22.6927197933859	1.27984895922617	0.449310311376205	2.84847448816851	0.00439293752509825	0.018066984403794	"gene-c1qb_ChrAur2"
308.096633951238	0.55979992412814	0.196545117324198	2.84820061545848	0.00439671992499528	0.0180767999201949	"gene-cbr1"
25.1417686539801	0.817065032904591	0.286943993453784	2.84747216022903	0.00440679484256921	0.018112472232978	"gene-c2cd2"
42.0993942009576	0.972266285826796	0.341465408481681	2.84733463969296	0.00440869916992295	0.0181145504281955	"gene-g10345"
124.49771102151	0.521917059224906	0.183356980517819	2.84645317429943	0.00442092305903396	0.0181464990675626	"gene-cerk_ChrAur2"
65.9733347599843	0.508935045369299	0.17879409173605	2.84648693045534	0.0044204543740601	0.0181464990675626	"gene-g17301"
126.06963932915	-0.545402926830255	0.191607659372973	-2.8464568097907	0.0044208725801471	0.0181464990675626	"gene-slain2"
197.456026632352	0.478275513578481	0.168029992678375	2.84636990072329	0.00442207945774286	0.0181464990675626	"gene-tsg101a"
657.321544333113	-0.537425837709513	0.188864625199132	-2.84556113747014	0.00443332481331961	0.0181868830083314	"gene-LOC119017302"
595.293309494351	-0.401152786597219	0.141002328643089	-2.84500823821594	0.00444102744513556	0.0182127126161972	"gene-slc4a1ap"
22.0004648069886	0.857474522736494	0.301461747904024	2.84438914289546	0.00444966666851822	0.0182423656296231	"gene-babam2"
92.1643384517898	0.35128844172044	0.123507731177405	2.84426277101516	0.00445143200721539	0.0182438278245084	"gene-ankrd13c_ChrAur1"
2658.83197791375	-0.292787826273098	0.102945198618985	-2.84411347203038	0.00445351844149626	0.0182466046617583	"gene-slc38a8a"
17.5841209752349	0.97798422883294	0.343903559101243	2.84377466574874	0.00445825650378007	0.0182602403480252	"gene-LOC119009430"
425.222437070376	0.195010607791396	0.0685809944993889	2.84350801872863	0.00446198866092078	0.0182678583575321	"gene-dtl"
126.836576972505	1.01912378153101	0.358412236153124	2.84344025881866	0.00446293752167645	0.0182678583575321	"gene-fhdc1"
120.071300144599	0.476326145477508	0.167546135776772	2.84295512557887	0.0044697363190029	0.0182899068143465	"gene-g1781"
1089.94494991717	-0.194853709931523	0.0685441984099561	-2.84274547593543	0.00447267731270142	0.0182961604159179	"gene-tmem209"
66.8746547207711	1.12952324106417	0.397382881398681	2.84240538265903	0.00447745191684296	0.0183099083596568	"gene-asns"
1909.53862122071	-0.35731735847299	0.1257441795142	-2.84162145598667	0.00448847513926291	0.0183491924017026	"gene-LOC119013502"
220.613848332933	0.669086550780534	0.235512144280039	2.8409853463223	0.00449743789047377	0.0183800309622991	"gene-mfsd14a2"
1178.03480027383	-0.349030717209301	0.12286970604037	-2.84065721695974	0.00450206755232259	0.0183931472776435	"gene-ftr86"
84.3722503732763	-0.429612406577268	0.151277498235736	-2.83989629381497	0.00451282023370725	0.0184172861380249	"gene-ccdc90b"
32.7144351219617	0.903548619764871	0.318143002756514	2.84007069756737	0.00451035366362304	0.0184172861380249	"gene-cep131"
308.896264432425	-0.390731048111114	0.137593167537008	-2.83975618197771	0.0045148027027591	0.0184172861380249	"gene-eif2d"
1109.3777414716	-0.362872873176534	0.127775711739055	-2.83992057831457	0.00451247670790178	0.0184172861380249	"gene-irf2bp1"
158.483518919512	-0.42381229654683	0.149243547936601	-2.83973613872317	0.00451508636307845	0.0184172861380249	"gene-thumpd2"
362.807392813496	-0.311027020964195	0.109541568239937	-2.83935154445596	0.0045205324263051	0.0184336950419009	"gene-cdca7b"
88.173962804766	0.536032874622625	0.188826059113034	2.83876535442467	0.00452884464306382	0.0184617774543026	"gene-spop_ChrAur1"
1731.74370920267	-0.268680142716756	0.0946649491652482	-2.83822201444111	0.00453656160519771	0.0184874164093504	"gene-pus1"
22.4365881876236	0.97091025105859	0.342155429089888	2.8376292424795	0.00454499422579143	0.0185159547713825	"gene-g21821-2"
364.951754599452	0.564880996114089	0.199110334760762	2.8370249931668	0.004553604731485	0.0185335433304407	"gene-acaca"
552.311423402688	-0.38396225178336	0.135337871877379	-2.83706435203329	0.00455304342113397	0.0185335433304407	"gene-nosip"
661.213317903804	-0.537390921361856	0.189416411554435	-2.83708743583404	0.00455271424425983	0.0185335433304407	"gene-ylpm1_ChrAur2"
51.820611381592	0.857692095008016	0.302340700906428	2.83683967271567	0.00455624849274125	0.0185384776090141	"gene-itprip"
1346.51876722033	-0.281890574243353	0.0993732278326665	-2.83668529634586	0.00455845187052264	0.0185416175173174	"gene-plekhg7"
284.757440555315	0.321257870637802	0.113281137858628	2.83593435509735	0.0045691836514233	0.018579434056384	"gene-g4325"
67.2762245630407	0.588015984854389	0.207352653605511	2.83582570384216	0.00457073829162799	0.0185799220385669	"gene-cln8"
668.468381942781	-0.341054317550454	0.120273234070626	-2.83566264918246	0.0045730722638166	0.0185835766829899	"gene-dtwd2"
148.817370690493	0.765177531323141	0.269894511813641	2.83509852120108	0.00458115554884113	0.0186105851672025	"gene-slco2a1"
21.4970417981145	1.01827388102157	0.359224328017813	2.83464621296774	0.00458764593427673	0.018631107712392	"gene-g9194"
284.856983929372	0.43237134255301	0.152556336465363	2.83417491905476	0.00459441761287358	0.0186527594057447	"gene-LOC119028348"
917.76719392364	-0.377924466557249	0.133396608645385	-2.83308901474327	0.00461005465064635	0.0187103784959326	"gene-ddx52"
16.1052106103539	1.04559497936326	0.369191744174936	2.83211907053865	0.00462406259524963	0.018755475938327	"gene-g5748"
197.540141008736	0.492194080596035	0.173789060978285	2.83213499069159	0.00462383236544635	0.018755475938327	"gene-hdac7a"
536.388764053742	-0.30515062671772	0.107791087180165	-2.83094488329711	0.00464107178650859	0.0188185725444811	"gene-snx5"
287.754062255572	0.441364228371751	0.155932083250369	2.83049016707539	0.00464767397636162	0.0188394446534771	"gene-agpat5_ChrAur1"
178.426768888754	0.398570820210728	0.140839704712017	2.82996063521795	0.00465537315880457	0.0188647489923899	"gene-g19462"
1039.60794086137	-0.311356311805462	0.110029947126338	-2.82974153798291	0.00465856212153846	0.0188717666675147	"gene-dus2"
502.377081789803	-0.556240629447349	0.196673743312379	-2.82824041521327	0.00468046423094767	0.0189545629315207	"gene-si:dkey-181m9.8"
133.347990952122	0.918301015255981	0.3247557846152	2.82766638427724	0.00468886423189183	0.0189825371017009	"gene-cd63"
516.214727026232	-0.23649522813237	0.0836390909264727	-2.82756813246898	0.00469030335305714	0.0189825371017009	"gene-cdc37"
63.0115913448615	0.639349846166519	0.226125099649853	2.82741653693699	0.00469252459884255	0.0189855939017838	"gene-tmem256"
1090.41022648089	-0.540062177452781	0.191036739184207	-2.82700688757059	0.00469853172978053	0.0190039614092404	"gene-tox4b"
542.737443192051	0.397215186663295	0.140538099806033	2.82638791339516	0.00470762162348088	0.0190347822808932	"gene-LOC119022649"
112.467423088035	0.469425582660825	0.16609947527693	2.8261713763886	0.00471080531637124	0.0190417102535343	"gene-g7011"
33.5712846019568	0.624110636925191	0.220840515453096	2.82606946304536	0.0047123043988095	0.0190417694471674	"gene-g7383"
105.078957727776	0.364869928293993	0.129113141390261	2.82597049661372	0.00471376054726421	0.0190417694471674	"gene-hps1"
65.4839029963787	-0.739601142991745	0.261746005245351	-2.82564443456728	0.00471856096264471	0.0190453679922463	"gene-dph5"
21.1878955959288	0.935127057310172	0.330946066123249	2.8256176852754	0.0047189549727215	0.0190453679922463	"gene-sfxn5b_ChrAur2"
97.1766620041934	0.472491778868742	0.167217599356246	2.82561034656483	0.00471906307521568	0.0190453679922463	"gene-snx27a"
264.40585991499	-0.291011087728753	0.103001021787995	-2.82532233833306	0.00472330733617387	0.0190565586637968	"gene-stpg2"
94.6111310801057	0.545539935855934	0.193127975258429	2.82475873899643	0.00473162287007689	0.0190839775756622	"gene-ikbkg"
130.356083103103	0.462000868167175	0.163559695268311	2.82466207465897	0.00473305041873423	0.0190839775756622	"gene-msl2a"
85.0787703920246	0.508062042826405	0.179897317622434	2.82417797853283	0.00474020546562738	0.0191068786135513	"gene-chpt1"
387.609249587299	-0.701216663496185	0.248316105834476	-2.82388716245254	0.00474450849695043	0.0191123264522566	"gene-g2860"
22.3694048678075	0.847947179346525	0.300276578883481	2.82388717261748	0.00474450834648412	0.0191123264522566	"gene-znf1010"
425.947703117432	-0.289245843998732	0.102433482803259	-2.82374313635588	0.00474664087361865	0.0191149707569139	"gene-qrsl1"
725.379022873791	0.445153431343157	0.157681741361329	2.82311336429931	0.00475597514908409	0.0191466068249263	"gene-alkbh5"
175.600468811676	-0.42893493793062	0.151949283566724	-2.82288226612313	0.00475940457527491	0.01915283854126	"gene-cep78"
71.3941372872919	0.678989784330409	0.240536854859575	2.82280977161194	0.00476048083270141	0.01915283854126	"gene-g11558"
393.564114966445	0.518577843488354	0.183720095702487	2.82265171649011	0.00476282809125064	0.0191563312452755	"gene-lrba"
200.942079151554	-0.570961267698426	0.202321061568701	-2.82205551548349	0.00477169163497312	0.0191860224664815	"gene-actn2b"
39.315150447081	-0.630750251465635	0.223611512474737	-2.82074140318198	0.00479128088946688	0.0192588078210694	"gene-g12698"
4488.11484160221	-0.332790807042729	0.117986743355453	-2.82057795289887	0.00479372249788692	0.0192626435216052	"gene-napsa"
3332.96360083429	-0.674882975106062	0.239386119559303	-2.81922350530802	0.00481399850123846	0.0193335965389729	"gene-apold1b"
221.527070620626	0.556463196893914	0.197383437926667	2.81919903077509	0.00481436559633909	0.0193335965389729	"gene-dip2a"
958.976885276712	0.330067724910573	0.117090376532506	2.81891419846055	0.00481863967777165	0.0193447620789896	"gene-eri1"
107.527541015882	-0.62867738560576	0.223029100479858	-2.81881325913583	0.00482015515725645	0.0193448495325777	"gene-tasp1"
829.295280052511	-0.271775242002519	0.0964367936991462	-2.81816961740117	0.00482982879117678	0.0193709042133319	"gene-bcap31"
49.9208351663743	0.638499357961345	0.226572245629049	2.81808284235623	0.00483113432237371	0.0193709042133319	"gene-grb10a"
34.9098801189974	0.769027603427163	0.272880489460818	2.81818463806876	0.00482960283753416	0.0193709042133319	"gene-vps26bl_ChrAur2"
207.284030917002	-0.41110033016284	0.145894662529764	-2.81778869106311	0.00483556220681456	0.0193826574250868	"gene-aste1b"
502.707765548156	0.677536778924292	0.240489836454041	2.81731980408982	0.00484262799439436	0.0194049737485771	"gene-ell_ChrAur1"
497.503449046898	0.46252325832018	0.164191635730142	2.81697210861802	0.00484787354402779	0.0194085374081916	"gene-atp6v1e1b_ChrAur1"
580.19690452765	-0.800621142391549	0.284201985145782	-2.81708497560588	0.00484617019935228	0.0194085374081916	"gene-gadd45ba"
1448.64639387769	-0.34857879574539	0.123751493768725	-2.81676434869414	0.00485101039227212	0.0194085374081916	"gene-hnrnpc_ChrAur1"
2287.91008381172	-0.325944625301021	0.115712416913412	-2.81685089634698	0.00484970343568231	0.0194085374081916	"gene-mov10l1"
273.753218869032	-0.514087670599399	0.182501980772275	-2.81688816978306	0.0048491406674672	0.0194085374081916	"gene-pisd"
14.0146749621745	1.1771315424261	0.417969578909242	2.81630913306659	0.0048578898533298	0.0194300591385035	"gene-erbb2_ChrAur2"
3280.90541841328	-0.370586364197633	0.131614455768875	-2.81569651321897	0.0048671620229401	0.0194611347203141	"gene-atp8b1"
196.143791656609	0.424455717635426	0.150781334390738	2.81504152586607	0.00487709314372206	0.0194948250939335	"gene-slc25a14_ChrAur1"
552.883366943046	0.395303108119427	0.140468440504686	2.81417738176027	0.00489022361023517	0.019541279227447	"gene-ddx28"
313.719688964623	0.427486595640348	0.15191086522164	2.81406201601603	0.0048919789830732	0.0195422639758732	"gene-g8529"
23.9051648794993	0.814038683146346	0.289423952214368	2.81261684431498	0.00491401665374232	0.0196181965729398	"gene-myb"
83.9956907710919	0.684528544610641	0.24337129294497	2.81269222975046	0.00491286487213234	0.0196181965729398	"gene-stx3a_ChrAur2"
24839.3047470829	-0.361180926013029	0.128455095883095	-2.81172906010467	0.00492759911333811	0.0196663593580407	"gene-nasp_ChrAur1"
72.1642646688031	-0.604202788138523	0.214906536572028	-2.81146770952692	0.00493160405351799	0.019670219925196	"gene-pigh"
4052.11715717902	-0.336345959722828	0.119633327169241	-2.81147375636399	0.00493151135843554	0.019670219925196	"gene-plk1"
3814.13737040975	-0.436129181136925	0.15515102963326	-2.81099765929901	0.00493881452011764	0.0196929146705799	"gene-mthfd2"
199.657545724102	-0.475867541817506	0.169351444977388	-2.80994084155021	0.00495506070025266	0.0197516131514226	"gene-mrps18c"
185.016652137632	0.366608479368424	0.130496912964074	2.80932683418611	0.00496452185579464	0.019783237709045	"gene-tmem184ba_ChrAur1"
196.517730495783	1.45127697478011	0.51666742552063	2.80891905139502	0.00497081434982365	0.0198022198229979	"gene-mmp9"
885.960780653545	-0.319218238940325	0.113653686869071	-2.80869233312302	0.00497431595718033	0.0198100756338999	"gene-luc7l_ChrAur2"
11.2580992922228	1.0946101343482	0.389749904157441	2.80849365881056	0.00497738626619682	0.0198162095092269	"gene-ulk1b"
103.51013113245	0.420164294451577	0.149618498088947	2.80823761645964	0.00498134566720362	0.0198258782224813	"gene-dazap1"
960.086217674719	0.413688201762227	0.147401689504972	2.80653636434929	0.00500772599081996	0.0199157779434005	"gene-chst10"
17.1225348906423	0.980882447499838	0.349502031427888	2.80651429547476	0.00500806902837684	0.0199157779434005	"gene-lratd2a"
37.0518326736338	0.780471532410516	0.278095885579528	2.80648356513467	0.0050085467347429	0.0199157779434005	"gene-mllt3"
87.6640094177202	0.560096297001851	0.199604925453888	2.80602442914787	0.00501568896003404	0.019931938545996	"gene-alg10"
407.464290676208	-0.263516098055979	0.0939098945671517	-2.80605253866564	0.00501525142964259	0.019931938545996	"gene-gadd45gip1"
3655.23794304275	-0.220682632881582	0.0786578217891129	-2.8056031537874	0.00502225033293504	0.0199518908165159	"gene-cap1"
69.3454860455351	0.474671247748847	0.169194533249316	2.80547626825151	0.00502422809810416	0.0199536271384689	"gene-ppp3cca"
566.997377055204	-0.410750987932594	0.146417125254539	-2.80534798930469	0.00502622829817433	0.0199554514683187	"gene-med1"
372.624656057089	-0.46579619450456	0.166091193109674	-2.80446052426744	0.00504008590143345	0.0199982084894193	"gene-fam162a"
18.3622536645761	0.705736110897375	0.251641876993457	2.80452569870048	0.00503906704067145	0.0199982084894193	"gene-g9254"
159.646047710741	-0.430459828874769	0.153502257503594	-2.8042573176143	0.00504326379201464	0.0200037886154332	"gene-trmt112"
16.3286187014087	1.1270526631409	0.401919790015936	2.80417309905593	0.00504458139278856	0.0200037886154332	"gene-znf710a"
52.1456643572732	0.701758876944642	0.250378658512303	2.80279030614807	0.00506625976182197	0.0200757603413869	"gene-bpnt2"
163.153765062535	-1.02400363859245	0.365342548795991	-2.80285896610486	0.00506518137974937	0.0200757603413869	"gene-cacna2d3"
78.8024933233952	1.45114827366566	0.517764475342547	2.802718886238	0.00506738171229973	0.0200757603413869	"gene-cspg4ba"
62.3128415934491	0.763527046629071	0.272463799202391	2.80230639396579	0.00507386603660299	0.0200953024587294	"gene-poc1bl"
88.1355758920103	0.506691146636407	0.180826531656128	2.80208408575776	0.0050773638020602	0.0200968638754528	"gene-g11019"
218.86763594364	0.31300689112747	0.111703848964435	2.80211375014596	0.00507689694084502	0.0200968638754528	"gene-g4191"
206.004105713489	0.83549243334674	0.298230595138166	2.80149805877452	0.00508659471518812	0.0201272496658727	"gene-trim107"
119.986890951508	0.634468278939352	0.226494215556181	2.80125599402769	0.00509041206830573	0.0201362024119204	"gene-g7972"
905.736099085791	-0.246615593800047	0.0880415646111992	-2.80112688693264	0.00509244914169179	0.020138109567649	"gene-etf1b"
99.5756383609014	0.3575327433434	0.127651757275172	2.80084466501065	0.00509690465257338	0.020149576360036	"gene-atp6v1c1a_ChrAur1"
955.593148563268	-0.725035712537202	0.258891593880999	-2.80053786864346	0.00510175212352949	0.0201564343355187	"gene-dnah5"
779.462516596798	-0.503530389229307	0.17979739678832	-2.80054326827728	0.00510166677174745	0.0201564343355187	"gene-g4493"
316.560098331118	0.264182003742226	0.0943470281830278	2.80010943460485	0.00510852847762552	0.0201770516357817	"gene-asf1bb_ChrAur2"
194.87399659352	0.676586348457556	0.241652662885642	2.79982988963685	0.00511295430298154	0.0201883753591201	"gene-atmin"
344.533390198668	-0.390138355123561	0.13935287562656	-2.7996433756348	0.00511590916621135	0.0201938858919851	"gene-g18708"
305.879428592359	-0.44126589266696	0.15763632348787	-2.79926531463996	0.00512190336370818	0.0202113864909764	"gene-polr2d"
53.3855028853205	0.769743968604087	0.274992060057853	2.7991497952419	0.00512373620182278	0.0202124604172424	"gene-gnmt"
51.6644330213022	0.708165740150521	0.253030917554959	2.79873205612	0.00513036902592573	0.0202324632322668	"gene-arhgef18b"
649.229175773424	-0.391944730971115	0.140060709059219	-2.79839173743863	0.00513577831033386	0.0202476301056724	"gene-pkdc"
37.5324891747211	0.79667831930429	0.284769281978528	2.79762730646054	0.00514794755583834	0.0202894305525448	"gene-eif4e3_ChrAur1"
790.290603474279	-0.440425136481578	0.157435639370671	-2.79749323750404	0.00515008453063635	0.0202916777475727	"gene-LOC119006988"
14.8969474020612	1.03244132858959	0.369131167860978	2.79694975250214	0.00515875555380253	0.0203196603337276	"gene-reck"
24.8252097378798	1.17354026063943	0.419646512158079	2.79649711516574	0.00516598721624059	0.0203419581749869	"gene-bhlhe40_ChrAur1"
28.0939821505557	1.10200893052023	0.394095875893221	2.79629653069197	0.0051691948276045	0.0203484018882389	"gene-g15141-2"
340.207048984922	-0.626117668087605	0.223987175395695	-2.7953282011861	0.00518470502879672	0.0204032557970059	"gene-tbc1d2"
29.0011044159195	0.993194326262153	0.355338462945551	2.79506563412569	0.00518891793315154	0.0204136318809981	"gene-il17ra1a"
346.939984714006	-0.370104512088552	0.13243087032857	-2.79469968875307	0.00519479470853252	0.0204243431299954	"gene-pomt2"
641.88398155363	-0.317910519129633	0.113754011336514	-2.79471919622396	0.00519448128324711	0.0204243431299954	"gene-rbbp4_ChrAur1"
386.070675072933	-0.240998519077581	0.0862414508402846	-2.79446271751503	0.00519860347505028	0.0204331149029973	"gene-mtfr1"
31.7100738220345	-0.741579462618572	0.265415674452369	-2.79403039835032	0.00520555851041234	0.0204542440134558	"gene-ssbp4_ChrAur1"
99.6837259568586	-0.404949258465076	0.144990191495567	-2.79294243485054	0.00522309859276197	0.0205045013261171	"gene-ccdc28a"
1627.64538970419	-0.310433371808877	0.111142552065374	-2.79310998389061	0.00522039390348148	0.0205045013261171	"gene-lancl1"
117.691827050376	0.89251001600149	0.319548319887998	2.79303617153836	0.00522158527613458	0.0205045013261171	"gene-phka1a"
200.80470676544	-0.376676587993192	0.134889855293172	-2.79247529159637	0.0052306462202702	0.0205216901541107	"gene-taf2"
101.236818256425	-0.350781233348657	0.125616316440125	-2.79248144898323	0.00523054667140026	0.0205216901541107	"gene-tubgcp4"
107.163384342186	0.929651556156161	0.332948818155223	2.79217557012847	0.00523549400391441	0.0205344890504832	"gene-g14644"
53.8923780260861	0.925972030927666	0.331706066534177	2.79154385267253	0.00524572488462329	0.0205642532521989	"gene-elovl6"
10.9976202719529	-1.09833791131079	0.393456423790325	-2.79151093971236	0.00524625841597292	0.0205642532521989	"gene-fer1l4"
98.6039585809175	1.01385261036093	0.363223423825829	2.79126439501624	0.0052502565566001	0.0205674750951385	"gene-naalad2"
51.5940269194563	0.575417483452954	0.206147018279098	2.79129665932838	0.00524973317953605	0.0205674750951385	"gene-slc44a5b"
286.729343260964	-0.32423955078594	0.11616868108916	-2.79110985633972	0.00525276406669645	0.0205710757265757	"gene-med21"
182.631622130165	-0.469340421666487	0.168241620788564	-2.78968081421616	0.00527600269289034	0.0206558376286647	"gene-tedc1"
126.542912829288	0.469607756171599	0.168361790601541	2.7892775106141	0.00528257786877249	0.0206753297003543	"gene-slc25a40"
42.3200902477127	0.634775260899161	0.227675668270547	2.78806806946475	0.00530234014278465	0.0207463630210043	"gene-rab3aa"
25.4514861723696	0.914865898721558	0.328147578318068	2.7879708983706	0.00530393081326117	0.0207463630210043	"gene-rps6ka4"
59.6122472169706	1.22786696669567	0.440437145694671	2.78783699035884	0.00530612356561151	0.0207486733992255	"gene-LOC119020579"
140.008974400491	0.636489313912902	0.228337063708189	2.78749889998728	0.00531166346103821	0.0207640668529749	"gene-suv39h1b"
369.401260240785	-0.303030169629847	0.108757001545446	-2.78630493047588	0.00533126948110862	0.020834420956499	"gene-lars2"
39.0869221589114	1.17270273901076	0.420912236858828	2.78609799458998	0.00533467418638534	0.0208395189034878	"gene-myrf"
17.3043823139936	0.954822278940612	0.342717865684152	2.78603006888638	0.00533579219241491	0.0208395189034878	"gene-ppp1r9ba"
17.2993535793276	0.834802904761566	0.299665332249705	2.78578405614815	0.0053398431484039	0.0208490529439189	"gene-g20615"
225.696677090009	0.292214894949526	0.104922026223924	2.78506721101518	0.00535166288392474	0.020888904764831	"gene-phf13"
80.8123351886756	-0.627027074978275	0.225154997362412	-2.78486856753619	0.00535494240448604	0.0208918594441153	"gene-ganc"
132.048339044753	0.538047690619634	0.193206936197675	2.78482595505341	0.00535564615508168	0.0208918594441153	"gene-sdr16c5a"
761.957590003738	-0.296244071109596	0.106410482204258	-2.78397451992508	0.00536972523246882	0.0209404731965383	"gene-dctpp1"
51.6425691253348	0.669519223498519	0.240517506060585	2.78366109172057	0.00537491639781129	0.0209544076664822	"gene-g16371"
15.0873040579091	-1.378190392034	0.495141970470645	-2.78342470286652	0.00537883459351532	0.020963372500938	"gene-sytl2b"
979.514603316497	-0.478175101144964	0.17180706797348	-2.78320971765129	0.00538240025851919	0.0209709584079669	"gene-nckap5l"
305.638685763598	-0.373205780411182	0.134097566628684	-2.78309136991715	0.00538436404083552	0.0209723003587551	"gene-firrm"
73.4923284931919	-0.71679235618107	0.257587394543358	-2.78271519245643	0.00539061037247016	0.0209903171779498	"gene-rgmd"
31.1754578306764	0.970251048985939	0.348731081671607	2.78223278617765	0.00539863018160664	0.0210152267754697	"gene-rab5ab_ChrAur2"
100.941838826739	-0.412270910132132	0.148209796438334	-2.78167111783105	0.00540798126258624	0.0210453020828589	"gene-fam204a"
6984.41133573204	-0.278290837123726	0.100062317170131	-2.78117522154281	0.00541624947308129	0.0210711465683015	"gene-cct5"
482.203143654331	-0.556106737015968	0.199986533175515	-2.78072092248287	0.00542383413712156	0.0210943170900485	"gene-pex6"
35.3103151488053	1.27222600086921	0.457709378366279	2.77954977765634	0.0054434310056235	0.0211641774103362	"gene-srgn"
167.843118205555	0.58780451682453	0.21148480553075	2.77941725103775	0.00544565260609509	0.0211664606547232	"gene-znf365"
438.482142226169	-0.485878536816139	0.174826603152107	-2.77920252442017	0.00544925389786899	0.0211741035797484	"gene-eif4g3a"
125.795277554794	-0.352091663884211	0.126694509404274	-2.77906016243143	0.00545164270986923	0.0211770320142521	"gene-g14666"
22.8432284414588	1.01610953875788	0.36566199857187	2.77882181557393	0.00545564424932193	0.0211822466279167	"gene-itgb8"
19.0910138454166	0.940352299333811	0.338404076617791	2.77878537614631	0.00545625625439968	0.0211822466279167	"gene-lclat1"
227.69120959431	0.320547359492477	0.115396154263572	2.77779932561988	0.00547284065155915	0.0212339003230505	"gene-cyb5b"
13.5573545248192	0.976490182032319	0.351527401594665	2.77784940122045	0.0054719973339017	0.0212339003230505	"gene-slc2a12"
706.842427006384	0.441183695366468	0.15885657403283	2.77724543697695	0.00548217645746477	0.0212637518121073	"gene-ciarta"
13244.6435631308	-0.529537508501553	0.190693584328551	-2.7769025914852	0.00548796232622665	0.0212798203853178	"gene-tuba8l3_ChrAur1"
1217.15354118335	-0.296939296562086	0.106936327046249	-2.77678600681378	0.00548993106736532	0.021281082685857	"gene-ush1c"
338.905177538726	-0.363492742028953	0.130908769505781	-2.77668748550035	0.00549159527327089	0.021281164088609	"gene-sub1a"
524.567919313721	-0.615381373461051	0.221643222882855	-2.77645021335166	0.00549560510454582	0.0212863773154263	"gene-saga"
63.541543859869	0.893593159905058	0.321851625315548	2.77641338312014	0.0054962277617779	0.0212863773154263	"gene-thap1"
48.9172834859348	-0.681000100328392	0.245326295634887	-2.77589525642171	0.00550499403809278	0.0213139544954677	"gene-g1763-2"
237.621804179645	0.398607661195837	0.14361872314732	2.77545749231427	0.00551241047863729	0.0213362905286406	"gene-slco3a1a"
632.742601202062	0.460200539243463	0.165832037207834	2.7751003183221	0.00551846826967198	0.0213533560085216	"gene-map2k4a_ChrAur2"
45.2442585327985	-0.698995305967268	0.252076920740215	-2.77294448025901	0.00555515975157291	0.0214824944588297	"gene-LOC119016969"
2493.92121324834	-0.36060611021041	0.130040743102417	-2.77302406620674	0.00555380132744214	0.0214824944588297	"gene-msh6"
166.79648575233	-0.893330833192372	0.322227537344286	-2.77236030338986	0.00556514003904399	0.0215146652673608	"gene-LOC119033016"
651.037957889558	-0.314118008852576	0.113307453842763	-2.77226253171728	0.00556681198508274	0.0215147066603422	"gene-prc1b_ChrAur1"
65.5472928303096	0.511681827598298	0.184585725980898	2.77205523276079	0.00557035840354649	0.0215178459652276	"gene-scamp2"
470.230332225943	0.2600953049858	0.0938287701743405	2.77202082583545	0.00557094722580559	0.0215178459652276	"gene-taf6"
734.187206778134	-0.317217542697247	0.114443518608756	-2.77182619473372	0.00557427909899555	0.021524295948447	"gene-ncstn"
2381.03333932105	-0.441462760649729	0.159318776137091	-2.77093994413979	0.00558947349316546	0.0215765338926933	"gene-g6769"
327.297927517577	0.54485957898244	0.196701579166978	2.76998070523834	0.00560596134499494	0.0216337322345141	"gene-znf576.2"
277.086876261945	0.755429142395662	0.272816937085251	2.76899649437675	0.00562292402316157	0.0216862683216097	"gene-cnn2"
169.154214691506	0.56309534942998	0.203355464832889	2.7690200009757	0.00562251835244936	0.0216862683216097	"gene-rrp8"
935.377361406717	-0.500040634333195	0.18060836632755	-2.76864601845921	0.00562897557718055	0.0217031445966256	"gene-tut7"
240.875362836939	-0.507988869813032	0.183512277612114	-2.76814650454482	0.00563761067673422	0.0217277694152814	"gene-eif4e2rs1"
41.6976179260253	0.874616512287337	0.315964754356057	2.76808251625984	0.00563871770556412	0.0217277694152814	"gene-zc3h12a"
135.118831823007	-0.908586164392101	0.328376025670512	-2.76690773188103	0.00565907693413974	0.0217997339006674	"gene-g6297"
104.741713156312	-0.41161822825667	0.148797929556146	-2.76629002489819	0.00566980848717029	0.0218345791606727	"gene-g11494"
55.5340451223458	0.611667594333754	0.221138972847312	2.76598731764973	0.00567507418279942	0.0218483608030426	"gene-lrch3"
1003.76078384932	-0.312144755892828	0.112856939702984	-2.76584458797419	0.00567755854404969	0.021851429629714	"gene-tia1_ChrAur1"
324.358213864934	0.501198214830637	0.181321405750836	2.76414256085882	0.00570725981852923	0.0219592162536459	"gene-g3131"
13.3493889698874	0.910812868682372	0.329606632882073	2.76333294848543	0.00572143710616893	0.0220072265999387	"gene-g5652"
20.2416844836753	0.913420802605209	0.330612086529152	2.76281733131577	0.00573048273082455	0.022035475607752	"gene-radil2a"
343.62347541567	-0.377317525219083	0.136586735077772	-2.76247561671519	0.00573648463509252	0.0220435984679452	"gene-chic2"
428.840464706544	-0.378720531915968	0.137089361758637	-2.76258148012064	0.00573462463545042	0.0220435984679452	"gene-kiz"
106.832558245271	-0.455935984330509	0.16505029357615	-2.76240638202896	0.00573770136942654	0.0220435984679452	"gene-mcoln1b"
271.156092505143	-0.283544218047317	0.10266898703911	-2.76173191364309	0.00574956669807356	0.0220826329498074	"gene-polr1d"
117.164428736525	-0.444899531937205	0.161131439274827	-2.76109698975867	0.00576075656909776	0.0221190507934732	"gene-bbs4"
73.6072307581241	-0.463051391024569	0.16771821427423	-2.76088910812901	0.00576442453104704	0.0221265744225223	"gene-sumo3b_ChrAur1"
298.582644347096	-0.379583935275583	0.137531095412545	-2.75998627173705	0.00578037904995833	0.0221812412077068	"gene-ube2l3a_ChrAur1"
71.2441735494886	-0.917758917274795	0.33256871891164	-2.75960685742857	0.00578709576309512	0.0221938635557729	"gene-pde6c_ChrAur1"
1196.76187281693	-0.320641252969023	0.116188781049593	-2.75965760267476	0.00578619702034083	0.0221938635557729	"gene-thoc2"
511.776341738795	0.342184399687557	0.124046504170768	2.75851707369754	0.00580642718892993	0.0222614086808264	"gene-g18398"
1504.88860487921	-0.319817442924814	0.115943251086423	-2.75839637001747	0.0058085719014609	0.0222630407504647	"gene-rbm4.3_ChrAur2"
463.243549053162	-0.379566943717144	0.137618789280021	-2.75810407650672	0.00581376845172693	0.0222763654492057	"gene-g1190"
42.6227306552809	0.70198343036694	0.254536914083063	2.75788457990758	0.00581767353474361	0.0222847352701758	"gene-g15183"
38.4574848340252	0.615820284164174	0.22330599712836	2.7577418075798	0.00582021487879506	0.0222878778519441	"gene-mcrip1"
452.619699613486	-0.280360747638633	0.101675389074539	-2.75741012835564	0.00582612262483323	0.0223039060343527	"gene-g16876"
527.745014569791	-0.363107442930609	0.131712250059916	-2.75682362700076	0.0058365824001857	0.0223373459411362	"gene-uso1"
226.915139284774	-0.408701834363983	0.148309383827503	-2.75573819954197	0.00585598478320146	0.0224049804807215	"gene-prpf4bb"
795.153540118702	-0.26083229361027	0.0946591377015667	-2.75548985490022	0.00586043219272326	0.0224153742846896	"gene-znf277"
14.8069836623047	-1.02580278520973	0.37230541774864	-2.75527224774981	0.00586433165110148	0.0224236667296768	"gene-g19349"
353.009734832425	-0.345750946901503	0.125512572328255	-2.754711663444	0.005874387938382	0.022455489430338	"gene-cep70"
156.1475869613	-0.380741447679744	0.138271658637863	-2.75357547186814	0.00589481770186303	0.0225269353959363	"gene-necap1_ChrAur2"
413.11739394648	-0.344552406485973	0.125138361332068	-2.75337157062228	0.00589849080273808	0.0225278763757817	"gene-ftsj1"
471.59593711331	-0.302195160764061	0.109754702622281	-2.75336868073946	0.00589854287624707	0.0225278763757817	"gene-taf7"
58.6286883605106	0.850946592884543	0.309171090128171	2.75234852175788	0.00591695128305131	0.0225794769326796	"gene-g15304"
271.509663095656	0.665931735972785	0.241950997030948	2.75234135897198	0.0059170807158203	0.0225794769326796	"gene-ppa2"
22.2399343627507	-1.16519973868838	0.423350285624909	-2.75233011114761	0.00591728397108444	0.0225794769326796	"gene-ylpm1_ChrAur1"
177.086505397845	0.433332105329214	0.15748252710141	2.75162021657281	0.00593012495092521	0.022621810968905	"gene-syngr2a"
12.9085731624533	1.10491382590969	0.401581937364758	2.75140319597118	0.005934055552996	0.0226301394189786	"gene-lbr"
569.714085002484	-0.431476479360347	0.156832980390968	-2.75118459321963	0.00593801718386467	0.0226385812623583	"gene-kif7"
640.819298871755	-0.476042856173827	0.173063938962745	-2.75067618954578	0.00594723995430994	0.0226604014852215	"gene-chd1"
107.863714598537	0.50888824745002	0.18500024032183	2.75074371019599	0.00594601434328617	0.0226604014852215	"gene-zfyve9a"
228.700999710524	0.299536492504937	0.108974022367222	2.74869630392788	0.00598327950063152	0.0227850747996761	"gene-fancc"
19.1008928993892	1.1673560862715	0.424696148358118	2.74868536195706	0.00598347922119516	0.0227850747996761	"gene-kirrel3l"
237.8751926187	-0.414111062640077	0.150665470213432	-2.74854657841275	0.00598601291758727	0.0227880227206563	"gene-zgc:101664"
43.2922143748098	0.813326610768214	0.295983366013257	2.7478794559414	0.00599820571034052	0.0228277291080282	"gene-rnf144b"
248.060527783608	-0.470113415175794	0.171106065871406	-2.74749707312602	0.00600520448810729	0.0228476508006691	"gene-sri"
550.994172604856	-0.309181239138145	0.112551624112934	-2.74701712725099	0.00601399938152935	0.0228743923612883	"gene-atad1b"
540.424767932792	-0.282233452886449	0.102758231321765	-2.74657756615815	0.00602206441273564	0.0228983429857133	"gene-dmap1"
139.682364603633	-0.425173528857768	0.154808707089199	-2.74644454341181	0.00602450702313649	0.0229009070902966	"gene-im:7138535"
393.202794721304	-0.337442456139903	0.122905443102119	-2.74554525514001	0.00604104349761567	0.0229570288549356	"gene-mau2_ChrAur1"
518.785073411131	-0.467395986696262	0.170287357146398	-2.74474860922551	0.00605572668740565	0.023006076951772	"gene-g10566"
14.931016018106	-1.18102690409761	0.430325886110372	-2.74449421291541	0.00606042230030412	0.0230068694461422	"gene-cdh4_ChrAur1"
241.198991517637	-0.440370961274994	0.160456025420857	-2.74449625758805	0.00606038454694045	0.0230068694461422	"gene-mat2b"
26.4517168154646	1.15040284137415	0.41917449044037	2.74444859506019	0.00606126465525729	0.0230068694461422	"gene-rhoub"
85.5937453221084	0.586994822408541	0.213949255930676	2.74361703131484	0.006076638362899	0.0230584657011148	"gene-per3"
25.3910784256142	0.756400417344432	0.275734391296441	2.74322116217715	0.00608396940896569	0.0230795219143277	"gene-g5409"
77.0251691953106	0.501073523812373	0.182705327664106	2.7425227836463	0.00609692201121187	0.0231151162081982	"gene-chmp1a"
289.390441955903	-0.712325993793711	0.259729544082576	-2.74256822153139	0.00609607853454398	0.0231151162081982	"gene-g19457"
9768.9403293867	-0.592836424889461	0.216182526941193	-2.74229575015896	0.00610113807480827	0.0231228028242766	"gene-g19940"
1204.99659076843	-0.295318243151619	0.107693072678326	-2.74222135005584	0.00610252027282661	0.0231228028242766	"gene-usp7"
643.24685462703	-0.345994494316871	0.126189272776177	-2.74186931032216	0.00610906425865428	0.023140828082431	"gene-snrpc"
335.638394824219	0.424521884459266	0.154901492729764	2.74059259841913	0.00613284982030482	0.0232241339247859	"gene-sec14l1"
189.920809843387	-0.314452940707893	0.114829343757524	-2.73843714871259	0.00617319587838031	0.0233549029434239	"gene-cdc42_ChrAur1"
403.014041630396	-0.341580231316841	0.124738860959324	-2.73836259758879	0.00617459560484005	0.0233549029434239	"gene-coq8ab"
51.295585557438	0.622082688860686	0.227165627712735	2.7384542948872	0.00617287399267334	0.0233549029434239	"gene-g10684"
1155.50569234362	-0.320477587401713	0.117029856891246	-2.73842586767861	0.00617340766585002	0.0233549029434239	"gene-obi1_ChrAur1"
76.368752425643	0.554746766445458	0.202623354646075	2.7378224361868	0.00618474588592613	0.0233864653923005	"gene-pou6f1"
300.244329758834	-0.329063615372084	0.120214033875859	-2.7373144778745	0.00619430473729852	0.0234157736873185	"gene-suds3"
732.579334890985	0.377964551744133	0.138093640551682	2.73701634799524	0.00619992119212182	0.0234301661392383	"gene-pho"
52.3756628727003	-0.692227677346665	0.252960339872051	-2.73650674922716	0.00620953211755603	0.0234596413227737	"gene-chchd6a"
43.193635666723	-0.5537840261363	0.202427562868458	-2.73571453555543	0.00622449973808115	0.0235093310317553	"gene-g14240"
132.931321850146	0.597446951037449	0.218414750324534	2.73537822033414	0.00623086369641784	0.0235265060444045	"gene-cox6c"
98.3794178153874	0.465369564951542	0.170150675491192	2.73504388747274	0.00623719594887058	0.023543551365148	"gene-dedd"
1149.07832555282	0.420948458520372	0.153930539060621	2.73466500597776	0.00624437895331442	0.0235637971516244	"gene-aco2_ChrAur2"
1980.36418529016	-0.373430745992024	0.136604870800022	-2.7336561559265	0.00626354151146554	0.0236223430736722	"gene-g5106"
77.1160424453559	0.602859805793032	0.220528563736948	2.7337039500794	0.00626263249435396	0.0236223430736722	"gene-kank3"
27.3047704863813	-1.07643339253955	0.393929768677749	-2.73255153108298	0.0062845839591261	0.0236948025777706	"gene-g10695"
371.660192008741	-0.26618052266052	0.0974351629679853	-2.73187332532076	0.00629753488291761	0.0237367212656187	"gene-g17073"
273.320084633536	-0.356243636628648	0.130452296624377	-2.73083453374848	0.00631741808304431	0.023804737152606	"gene-sumo2a"
357.602359704676	0.350687940358205	0.128437479575299	2.73041748808693	0.00632541651249969	0.0238279433546781	"gene-sharpin"
271.988909881195	-0.305616196246799	0.111947497603066	-2.72999578186577	0.00633351359226238	0.0238515075700466	"gene-tcf25"
32.5899660658411	1.32060090493242	0.483761276061908	2.72986071907794	0.00633610887195261	0.0238543447676332	"gene-g175"
180.53501971799	0.349666370828523	0.128111314919543	2.72939490979483	0.00634506690780151	0.0238811280217778	"gene-cpda"
14.4116691840777	-0.824989411344176	0.302346321631193	-2.72862393990198	0.00635991857175773	0.0239300713023923	"gene-g17609"
32.8518799590125	0.890860565089257	0.326505555388032	2.72846985415155	0.00636289056792576	0.0239343002454855	"gene-rhebl1"
714.281703317271	-0.308260137793551	0.112991467696152	-2.72817181756148	0.0063686426255815	0.0239489810232015	"gene-tango6"
908.153944705898	-0.218215208483111	0.0799944848854714	-2.727878163045	0.0063743146861006	0.0239633525398226	"gene-smarcc1b"
97.5409727278392	0.467107152442895	0.171322779345063	2.72647428572291	0.00640149403083116	0.0240585459063535	"gene-eda"
32.0970677793801	-0.825882748257247	0.302927158488938	-2.72634105300072	0.0064040788528456	0.0240612779875844	"gene-phka2"
92.6233056771712	0.50474140974494	0.185162068563512	2.72594389153635	0.00641178967802758	0.024072183621434	"gene-b4galt5"
26.8046278834631	-0.873209761151252	0.320336496421884	-2.72591406506873	0.00641236909113271	0.024072183621434	"gene-fbxw10"
306.563748090279	0.533602781295644	0.195752568873245	2.72590436164935	0.00641255760126224	0.024072183621434	"gene-phactr4a"
423.711881013028	-0.366690365096584	0.134527504473821	-2.72576501385962	0.0064152652866585	0.0240753696689407	"gene-med22"
222.700522239964	-0.328170068776105	0.120457153896144	-2.72437176341596	0.00644239433506148	0.0241631766676459	"gene-arpc5b"
166.437074000456	-0.58859453904249	0.21604315067833	-2.7244304537979	0.00644124945050231	0.0241631766676459	"gene-usp44"
30.4158689459574	0.632666838946282	0.232280665947451	2.7237171736429	0.00645517595718326	0.02420340446414	"gene-alkbh4"
227.45677915016	-0.39578561292567	0.145315423669912	-2.72363113928435	0.00645685757266649	0.02420340446414	"gene-tube1"
21.1069716850635	0.866366912238137	0.318121286861295	2.72338553884916	0.00646166021280335	0.0242143985578751	"gene-bri3"
162.197716847214	-0.464768926068474	0.170693858397366	-2.72282160841732	0.00647269986009453	0.024241739701586	"gene-camk2d2_ChrAur2"
11976.4073508446	-0.57293185939741	0.210412193183555	-2.72290236952954	0.00647111781953236	0.024241739701586	"gene-rpl10a"
14.1160678918168	0.965459885188687	0.354687171814857	2.72200395703244	0.00648873654993503	0.0242947750963309	"gene-nf2a"
73.5131129797911	0.431759710317624	0.158678737232933	2.72096764725207	0.00650911316335659	0.0243640244446911	"gene-tmem101"
299.985391429414	-0.573581697518721	0.210828752393399	-2.72060471357548	0.00651626300401679	0.0243837394293619	"gene-zgc:101858"
33.3429158145261	0.574304184256122	0.211108096555175	2.72042708748511	0.00651976483509981	0.0243897961812183	"gene-chst2a"
331.636026844544	-0.361480152021689	0.132887555450915	-2.72019566313122	0.00652432981781373	0.0243998254318526	"gene-acot11b"
27.4382721793369	0.906285994844345	0.333189633257223	2.7200305903416	0.00652758773297388	0.0244049621044298	"gene-rc3h2"
49.8728717070989	-0.480216846475541	0.176558008513027	-2.7198814175575	0.00653053310042506	0.024408927614316	"gene-rsad1"
885.474651701095	-0.291085349351733	0.107028899429797	-2.7196892699309	0.00653432875342406	0.0244160679993061	"gene-g8746"
61.4847552138548	0.672627078940255	0.247365423387214	2.71916369608115	0.00654472099198701	0.0244478458515211	"gene-syap1"
1429.97675693838	-0.226774756831899	0.0834086867078091	-2.71883859802659	0.00655115663589747	0.0244507289889073	"gene-arl6ip1"
251.367972453011	-0.525173818991082	0.193155437955346	-2.71891811356868	0.00654958201996091	0.0244507289889073	"gene-cep128"
12.1605723023087	1.69526054599538	0.623481283721906	2.71902395509843	0.00654748660861484	0.0244507289889073	"gene-tmod1"
76.5651191207125	1.26987554679378	0.467148530932917	2.7183550042591	0.00656074039261645	0.0244723930946935	"gene-g2677"
2116.44056485734	-0.453455986894193	0.166807961507523	-2.71843131944121	0.00655922715744685	0.0244723930946935	"gene-pdcd11"
84.2755719267777	0.525205336865856	0.193339405948379	2.71649400332846	0.00659773904013654	0.0246033165300341	"gene-gnpat2"
40.2112730700021	0.632682353031374	0.232924514372138	2.71625489801624	0.00660250628087588	0.0246140065755969	"gene-g2493"
359.153958774333	0.222010319394808	0.0817767393776625	2.71483457379631	0.00663088836272399	0.0247127007728456	"gene-znhit6"
193.07037322448	0.449461820874569	0.165598415923049	2.71416739326437	0.00664425833934584	0.0247554055675685	"gene-plcg1"
271.760608896106	0.381968894422188	0.140747431086861	2.71386050510903	0.00665041636478453	0.0247712229911776	"gene-golm2"
362.412915710692	0.237105628519326	0.0873782197801285	2.71355526715879	0.00665654636670708	0.0247798022406506	"gene-gpsm2l"
113.277436343408	0.948077222399479	0.349383501967822	2.71357181166155	0.00665621397827134	0.0247798022406506	"gene-si:ch211-168f7.5"
77.2718947666024	-0.871317060388604	0.321163215720632	-2.71300391121544	0.0066676319588403	0.0248139372123393	"gene-g15923"
299.605916068195	-0.43456440179626	0.160217610771506	-2.71233854820125	0.00668103188159165	0.0248566629987054	"gene-ncoa7b"
1288.49375929266	-0.30231364720722	0.111470686869703	-2.71204615039819	0.00668692821212891	0.0248714552772204	"gene-naf1"
38.8094353314579	0.719272482975899	0.265253280261017	2.71164406437543	0.00669504409345489	0.0248944921201075	"gene-g5233"
285.157350438244	-0.319001654436783	0.117658184327288	-2.71125766779997	0.00670285163418441	0.0249163695506091	"gene-timm44_ChrAur1"
283.474480144072	-0.363217136542993	0.133994628456551	-2.71068430672778	0.00671445206862429	0.0249523296243194	"gene-g13467"
39.8315825756355	0.584266072777865	0.215574437564102	2.71027529692211	0.00672273831803982	0.0249759563846626	"gene-dgkza_ChrAur2"
10.653308480707	1.27410035722851	0.470178782540193	2.70982103944598	0.00673195202562693	0.0250030142483207	"gene-dusp7_ChrAur2"
71.489075546768	0.69376562700598	0.256035165322053	2.70964977069977	0.00673542881616971	0.0250087553320568	"gene-capns1a_ChrAur2"
45.0459828959085	0.542007952341737	0.20010941385018	2.70855799291648	0.00675763009032093	0.0250839975063761	"gene-g14873"
279.494813706348	0.555343501017964	0.205043929039206	2.70841230764642	0.00676059756513037	0.0250878220819494	"gene-crk_ChrAur1"
40.9016367319283	0.58625107148806	0.216527504350186	2.70751317827931	0.00677893793579387	0.0251486752238517	"gene-rp2"
457.368459777882	0.433560204892663	0.160162228052195	2.70700657805141	0.00678929121062533	0.0251798712682728	"gene-itm2ba"
212.417526574428	-0.424000921409785	0.156644287301538	-2.70677551485545	0.00679401811414648	0.0251901885474695	"gene-eapp"
196.584596905983	-0.448480407860478	0.165698236025407	-2.70660942818795	0.00679741760724702	0.0251955796884534	"gene-rsrc1"
284.743875641141	-0.657330439673211	0.242892968980865	-2.70625552658544	0.0068046664310275	0.0252152317448461	"gene-cdon"
57.6503166430789	0.618760423772972	0.2286848569517	2.70573413570475	0.0068153585263887	0.0252476282251888	"gene-cmpk"
193.097007085239	-0.527795797576173	0.195104441088085	-2.70519622532778	0.006826405204538	0.0252813193605867	"gene-g6394"
696.644842269049	-0.530634513685813	0.196174678977641	-2.70490828098305	0.00683232511922028	0.0252960098968044	"gene-asph"
335.250826277886	0.535821511623234	0.198140922244403	2.70424456267701	0.00684598823296139	0.0253393522735304	"gene-dohh"
270.90581996457	-0.443347039609987	0.163965535981394	-2.70390382318084	0.00685301213073207	0.0253581028871746	"gene-moto"
377.691318293182	-0.42873636892823	0.158601741431133	-2.70322611252282	0.00686700149630681	0.0254026096482918	"gene-wapla"
793.688239819974	-0.255571056832259	0.0945766671229197	-2.70226330242847	0.00688692002929367	0.0254619256803027	"gene-rnf25"
1097.108883915	-0.205775880860866	0.076149521734944	-2.7022609751525	0.00688696823859936	0.0254619256803027	"gene-shda"
221.79952250402	-0.327905648234332	0.121381262768069	-2.70145194370635	0.00690374563355803	0.0255166694349915	"gene-pomt1"
275.188397233855	-0.522397366007937	0.193386452868913	-2.70131313883731	0.00690662780494031	0.0255200390019349	"gene-hcfc1b"
39.1236082603312	0.718895078144628	0.266137396894349	2.70121781656267	0.00690860772124682	0.0255200737586616	"gene-slc9a6a"
21.8094035068169	-1.15765613542303	0.428599111928216	-2.70102317808096	0.00691265209445873	0.0255277323282963	"gene-plxnc1_ChrAur3"
20.2581687290828	1.34068429981435	0.496434976077194	2.70062417923968	0.00692094950041299	0.0255510880786342	"gene-myo1f"
1158.2180026471	-0.283266329716009	0.104944425362864	-2.6992032090944	0.00695057209251074	0.0256531374095488	"gene-irf6"
140.031692222138	0.3738400885212	0.138542134990803	2.69838550233123	0.00696767018876765	0.0257089164144529	"gene-g17029"
447.947637471279	-0.446164029862201	0.165425354501095	-2.69707162609857	0.00699522222378326	0.0258032250128787	"gene-dlg1b"
1174.87755328631	-0.339084671879987	0.125741683116714	-2.69667673817637	0.00700352214061386	0.0258264849781008	"gene-atrip"
74.9449663945993	0.527107175425536	0.195485000829581	2.69640725983399	0.00700919122326681	0.0258326794344133	"gene-g7326"
499.321888321398	-0.268921001234877	0.0997315181894307	-2.69644948875728	0.0070083025707315	0.0258326794344133	"gene-rbm48"
1930.67304051457	0.301617606293567	0.111871021282441	2.69611918114229	0.00701525616339	0.0258476764074151	"gene-LOC119005245"
40.5583486898838	0.722260541017559	0.267924917804244	2.69575725519218	0.00702288249448188	0.0258684161507494	"gene-dennd1a"
133.653638743614	0.912096336973495	0.338598436887687	2.69374054221059	0.00706551419512665	0.0260180478649659	"gene-kansl1l"
937.501594190758	0.244165564968267	0.0906498023977499	2.6935035544471	0.00707053915415974	0.0260227849795993	"gene-polr3e"
108.031772388424	-0.885238998684	0.328658686043447	-2.69349034812053	0.00707081926825803	0.0260227849795993	"gene-tnk2a"
21.0051862498067	0.795179498200964	0.295242113352909	2.69331325795812	0.00707457641947155	0.0260292156842546	"gene-arhgef3"
161.498548760888	0.445236909463729	0.165426597643437	2.69144693662502	0.0071142814872317	0.0261678669528934	"gene-grik2_ChrAur1"
280.205489072814	-0.286581309536309	0.106532593905137	-2.69008102620217	0.00714346722602139	0.0262677581045437	"gene-get1"
118.914838595705	0.770832703385422	0.286580142233018	2.68976314052723	0.00715027496514672	0.0262853281503307	"gene-dnajc21"
996.427385661718	-0.30370363812797	0.112942082331033	-2.68902106158991	0.00716618976485849	0.0263363574474127	"gene-fbxo3"
27.171141607361	0.656213589413142	0.24409154379454	2.68839132733537	0.0071797201263882	0.0263636391712088	"gene-g20645"
10680.5369614565	-0.456039597327688	0.169621186713732	-2.68857685860518	0.00717573145282452	0.0263636391712088	"gene-rps4x"
38.4365376284367	0.649599753730793	0.241627925886301	2.68842995422833	0.0071788895359804	0.0263636391712088	"gene-slc25a36a_ChrAur2"
2061.90824912291	-0.477806643309112	0.17782677876711	-2.68692177084797	0.00721138399595067	0.0264724019647271	"gene-pum2"
22.0482602329918	1.00482120979232	0.373990262836894	2.68675767697873	0.00721492741977173	0.0264779045093408	"gene-cdh4_ChrAur2"
506.958781986678	0.325202913722515	0.121044193105213	2.68664613625741	0.0072173369090829	0.0264792437137486	"gene-gatad2ab"
214.239667071343	0.604848395619374	0.225154641453188	2.68636876288926	0.00722333182658348	0.0264937327913007	"gene-fosab"
616.957736182979	-0.578287958003749	0.215389704101075	-2.6848449438065	0.00725634617211702	0.0265997563756262	"gene-abca1b"
202.701462273841	0.289976575479645	0.10800241861233	2.68490816414495	0.00725497378224311	0.0265997563756262	"gene-g208"
52.7896124310968	-0.527666238788999	0.196598785229319	-2.68397507224428	0.00727525305195727	0.0266539751841297	"gene-g10567"
42.0018685161987	0.915808358924224	0.341211203156866	2.68399264283007	0.00727487071378134	0.0266539751841297	"gene-LOC119009428"
51.7688256502072	0.540960031330048	0.201583283953435	2.68355600087856	0.00728437744329435	0.0266798564106632	"gene-myd88"
85.2509946338475	0.390858716188873	0.14567896299823	2.68301413014329	0.00729619075290581	0.0267155686855762	"gene-rab5aa"
114.960186991636	0.663185562617301	0.247257916900409	2.68216108479317	0.00731482280653409	0.0267762210761512	"gene-cyldl"
105.32011876588	1.45981098676327	0.544333742371608	2.681830783451	0.0073220486428189	0.0267875288059739	"gene-col1a1a"
851.970201930148	0.246202423960999	0.0918025061347533	2.68187040122422	0.0073211816068496	0.0267875288059739	"gene-cs"
504.287854930957	-0.479432301473215	0.178804653607878	-2.68131892430843	0.00733325898029441	0.0268209201808166	"gene-cog8"
185.152822779814	-0.413523895289312	0.154229464179791	-2.6812250012569	0.00733531768052292	0.0268209201808166	"gene-znf335"
742.996395342752	-0.485448824256237	0.181103064697573	-2.68051137106318	0.00735097669185211	0.0268705896517575	"gene-ccni2"
145.938667661721	0.386841999143186	0.144333986349918	2.68018648224223	0.00735811557630239	0.0268890956062901	"gene-ppp1cb_ChrAur2"
239.002841837393	-0.335069386609071	0.125046608711266	-2.67955596766923	0.00737198782193722	0.0269321902064623	"gene-cfap410"
1379.75243940341	-0.794031851533223	0.29641638167619	-2.6787718244285	0.00738927285391417	0.0269725120436986	"gene-elovl7b"
488.638089357081	0.548654828980934	0.204809527701107	2.67885403154498	0.00738745904107429	0.0269725120436986	"gene-g13524"
25.5954081399445	1.0384290503439	0.387635253879192	2.67888186111042	0.00738684510172095	0.0269725120436986	"gene-psmb8a"
1616.00407207225	-0.343401077094302	0.128272023168243	-2.67713152574114	0.00742554791137665	0.0270896538028842	"gene-g10840"
22.3575957373515	-1.17169689678751	0.43766222399052	-2.67717164644507	0.00742465874343565	0.0270896538028842	"gene-otx1_ChrAur2"
289.727727504934	0.337904320782059	0.12624804189579	2.67651137956642	0.00743930394335695	0.0271321952606071	"gene-g11620"
189.62573987826	-0.516886390507993	0.193292305128114	-2.67411778324751	0.00749261311074348	0.0273189280397632	"gene-si:dkey-230p4.1"
75.8522573265294	0.652599321554453	0.244085242305875	2.6736533327019	0.00750299675394159	0.0273490883648459	"gene-nsun4"
24.0122642644295	-0.696672176969363	0.260585538340577	-2.67348749054076	0.00750670758471982	0.0273549155682911	"gene-myo15b"
3599.50258519743	-0.155889138251084	0.0583283721045564	-2.67261253188491	0.00752631263689248	0.02741864274554	"gene-LOC119011531"
472.804123016509	0.261579366213306	0.0978812351840129	2.67241586930883	0.00753072553671489	0.0274270040568039	"gene-ap2a1"
76.1244602827747	0.69824445635829	0.261329602989873	2.67189192640127	0.0075424935865024	0.0274621406912546	"gene-miga2"
180.31994197064	-0.298662615441239	0.111797440734538	-2.67146200734963	0.00755216212080056	0.0274896154093558	"gene-mtrf1l"
189.529015892542	-0.445346103787208	0.16672863006789	-2.67108356618698	0.00756068215321512	0.0275128953543942	"gene-nup42"
1118.39134491146	0.817211316886793	0.306120847912676	2.6695709307584	0.00759482298736607	0.0276293686824095	"gene-eno1a"
17.4346870732506	1.35885756985494	0.509078292767173	2.66925066175708	0.0076020693015105	0.0276479639213318	"gene-ifi27.2_ChrAur1"
428.970709448407	0.320685983345273	0.120152664349415	2.66898770061969	0.00760802361741085	0.0276618511704345	"gene-rimoc1"
50.8442853421779	-1.01963057876412	0.382156908715881	-2.66809406165197	0.00762828983797142	0.0277277523692304	"gene-stambpl1"
93.3864514384842	0.596243488601355	0.22351553363517	2.66757070036378	0.00764018124375048	0.0277631838630226	"gene-g9153"
21.0112626078462	0.848524421149547	0.318124185101373	2.66727416803962	0.00764692619107531	0.0277721091140259	"gene-crtap"
130.334644429678	0.584195688076411	0.219019641802375	2.66732099125402	0.00764586079186647	0.0277721091140259	"gene-usp32"
297.482612700463	0.471781430660065	0.176894287753226	2.66702467701059	0.00765260526740176	0.0277849427580937	"gene-trappc8"
268.511727804446	0.361745288441162	0.13566735322551	2.66641369379309	0.00766652883099015	0.0278276947562089	"gene-jag2b_ChrAur1"
194.192445747987	-0.398053092154405	0.149303955807497	-2.66605857829801	0.00767463191059611	0.0278493017299328	"gene-g17526"
276.281160740407	-0.33819504839487	0.126870719910433	-2.66566666157193	0.00768358363617679	0.0278739752582985	"gene-vps35l"
14.9373490480445	1.1174806058589	0.419241349098273	2.66548280188116	0.00768778637850402	0.0278814117580525	"gene-prickle3"
239.403405356823	-0.428701220426087	0.160891342567373	-2.66453877247353	0.00770939786474741	0.0279301190201783	"gene-antxr2a"
102.406581088784	0.501870627489477	0.188346983688297	2.66460666192586	0.00770784186938212	0.0279301190201783	"gene-naglu"
181.820892081728	0.419274775414588	0.157341357141465	2.66474614832272	0.00770464578777004	0.0279301190201783	"gene-ncor1"
530.719690127731	-0.249793937441751	0.0937482164558507	-2.66451935711639	0.00770984290766253	0.0279301190201783	"gene-senp3b"
246.238191242335	-0.2565726737735	0.0962989843564183	-2.66433416186283	0.00771408914972368	0.0279376869625479	"gene-arl8"
38.7899240781774	1.32286486138114	0.49653722840039	2.66418062074175	0.00771761120023184	0.0279426286424944	"gene-itgb2"
97.95748587057	-0.538200400903386	0.20203981903313	-2.6638333150315	0.00772558329681018	0.0279636750354915	"gene-cul5a"
954.819601019898	-0.491240149197192	0.184444918489397	-2.66334336137014	0.00773684230018543	0.0279966036964799	"gene-slx4"
15.3104034505398	0.9835768980991	0.369412740721573	2.66254189332474	0.00775529152206159	0.0280555252799496	"gene-ttbk2a"
223.721289818941	0.278976816136191	0.104796584029996	2.66207929121371	0.00776595822665729	0.0280862678004576	"gene-ei24"
280.695677232365	0.306832663262308	0.115264968993128	2.66197671280857	0.00776832526503184	0.0280869850662835	"gene-pitpnab_ChrAur2"
664.126652796418	-0.337622092040946	0.126859133135146	-2.6613936552859	0.00778179183845437	0.0281278219647844	"gene-smc5"
87.9272452618945	0.414748113098322	0.155845537605744	2.66127679669306	0.00778449337486973	0.0281297359648264	"gene-g183"
98.0463788475295	0.658076176413137	0.247316905995072	2.66086207801035	0.00779408762364574	0.0281565491809863	"gene-gemin7"
4355.51346499648	-0.268865687793153	0.101068505773748	-2.66023214387908	0.00780868101155877	0.0282014020581979	"gene-ctnnb1_ChrAur1"
216.63002211991	0.39768146061529	0.149543662309607	2.65929999622419	0.00783032055430432	0.0282716703369934	"gene-rabl6b"
541.909064021297	-0.275770836559299	0.10372830001938	-2.65858822045456	0.00784688038328047	0.0283235640590483	"gene-uri1"
89.3679948347549	0.500699667466472	0.188361176126949	2.65818932415784	0.00785617462213632	0.0283453353949155	"gene-itpr1b_ChrAur1"
441.889738172217	0.308479258734359	0.11605072847539	2.65814151093223	0.00785728932651894	0.0283453353949155	"gene-wdr44"
802.360284912188	-0.212642851221434	0.0799998262912923	-2.65804141182966	0.00785962346826359	0.0283458600772714	"gene-melk"
23.2157756515413	0.963533133099335	0.36267321634695	2.65675293809834	0.00788972399998526	0.0284464965266729	"gene-ccdc126"
141.704600733288	-0.50129962150864	0.188698560737586	-2.65661603114066	0.00789292839715063	0.028447631650957	"gene-hdhd5"
421.837128322248	-0.420115990988776	0.158148929849381	-2.65645800694882	0.00789662850630764	0.028447631650957	"gene-hypk"
369.129639566485	-0.383732713339423	0.144452325772568	-2.65646614747893	0.00789643785925176	0.028447631650957	"gene-zfp91"
109.653877616852	1.5215741699148	0.572981074690847	2.65554001192058	0.00791815394575176	0.0285172446472278	"gene-ighd_ChrAur2"
42.1966509015858	0.672378590877284	0.253255733406994	2.65493926566607	0.00793226886878058	0.0285601373699131	"gene-g5744"
23.2089719573592	1.07024820896358	0.403136197052582	2.65480553914137	0.00793541392501146	0.0285635202175718	"gene-disc1"
252.182956753445	0.321387753702967	0.121105993001179	2.65377249910198	0.00795974720709467	0.0286371661949019	"gene-ccdc43"
255.908239475665	-0.475585973828601	0.179212855029174	-2.65374921766177	0.00796029637106378	0.0286371661949019	"gene-g4514"
174.565278585236	-0.436215592382536	0.164422965008945	-2.65300891732979	0.00797777632098417	0.0286920802924371	"gene-srsf9"
312.007521674571	-0.276518193217752	0.104289199665358	-2.65145570303578	0.00801456252709982	0.0288163795914686	"gene-snf8"
43.2700077182918	1.06391375110305	0.401284871395264	2.65126803162011	0.00801901759109292	0.0288243954544115	"gene-ptprc"
206.868426587223	0.440940667876225	0.166349887587057	2.6506820910562	0.00803294129497946	0.0288664324948055	"gene-si:dkey-215k6.1"
2184.76855213802	-0.268258101237464	0.101218696773592	-2.65028210981127	0.00804245847571281	0.0288926157334138	"gene-abcf1"
200.724469508444	0.326358418790078	0.123156105934194	2.64995727426184	0.008050195061947	0.0289123894196549	"gene-rnf38"
193.919660388663	0.403861472011684	0.15244544392098	2.64921969213476	0.00806778675243947	0.0289675370753656	"gene-pak2a_ChrAur1"
88.9632237767509	0.41118015175283	0.15523038826218	2.64883800366689	0.00807690371332319	0.0289842006071623	"gene-fam91a1"
316.576698977143	-0.27860820869835	0.105179983614456	-2.64887100305708	0.00807611513012228	0.0289842006071623	"gene-yipf3"
411.941633051064	-0.696418229419881	0.263032193611565	-2.64765396150831	0.00810524430262925	0.029077844588186	"gene-fam111.1"
26.4838762554183	-0.704958689927601	0.266345996924073	-2.64677786814481	0.0081262712632676	0.0291452060732702	"gene-g12990"
1011.79876163598	-0.307831650059922	0.116316458333182	-2.64650123010241	0.0081329209394597	0.0291609798136607	"gene-psme3_ChrAur1"
830.17798232724	-0.288206973972876	0.108926567863497	-2.64588318190697	0.00814779484821708	0.0291981436301216	"gene-ppwd1"
545.043340607361	-0.307522132200362	0.116224102524839	-2.64594112167602	0.00814639943986648	0.0291981436301216	"gene-srrd"
2928.33689625517	0.240911230858463	0.0910647676121333	2.64549328105203	0.00815719069786515	0.0292156462190408	"gene-atic"
22.7792052924586	0.758003440935705	0.28652471058217	2.64550809385889	0.00815683356098808	0.0292156462190408	"gene-rela"
22.480891602826	0.830517873594448	0.313955399302172	2.64533712572052	0.0081609564555335	0.0292210525450966	"gene-g8931"
135.964529687509	0.493285414210129	0.186509486908923	2.64482746902312	0.00817325789012495	0.0292570102086811	"gene-psmf1"
20.703413316118	1.05602419258557	0.399392641197702	2.64407523738735	0.00819144460929418	0.0293140091558356	"gene-crtc1a"
1592.36651007055	-0.469445746801858	0.177582145956066	-2.64354135532296	0.0082043742515666	0.0293521687657567	"gene-baz2ba_ChrAur2"
398.830157168274	0.389894201212102	0.147506717571243	2.64323013644304	0.00821191982453393	0.0293710504411872	"gene-eif4g1a_ChrAur2"
2206.95211364621	-0.226336216442587	0.085644879844355	-2.64272910247424	0.00822408055536885	0.0293983072792111	"gene-ppp2r1ba"
26.6674125005077	0.672225791968524	0.254367227005168	2.64273743077313	0.00822387828533877	0.0293983072792111	"gene-stradb"
60.0214233631447	0.529622594950264	0.200431184551043	2.64241612968858	0.00823168497718595	0.0294173708994303	"gene-zfyve28"
115.996015922245	0.470436433397002	0.178054948190122	2.64208570544574	0.00823972025144824	0.0294379633038638	"gene-g17208"
142.091398387579	0.454931020598815	0.172207338344974	2.64176326613606	0.00824756811323181	0.0294578749681371	"gene-irs2b_ChrAur1"
140.716425414103	-0.733483729303092	0.277665776485782	-2.64160653353205	0.0082513852488096	0.0294633830596452	"gene-coq4"
348.779899695913	-0.340271770901213	0.128818765664175	-2.64147672233008	0.00825454792532552	0.0294665518690438	"gene-ube2t"
125.357339007579	0.379975949957565	0.143875852395308	2.64099877520487	0.00826620181953597	0.029500021979832	"gene-g20440"
558.311053391261	-0.240224846579841	0.090969896590763	-2.6407070424683	0.00827332243898483	0.0295172999744608	"gene-oser1"
47.3008217587252	0.63918596943662	0.242096317123305	2.64021351927906	0.00828538086063122	0.0295440439223664	"gene-lrrc8ab"
60.9614460563399	0.59587987983075	0.225691426194401	2.64024154518606	0.00828469567311449	0.0295440439223664	"gene-ppp4r2a"
81.3171155191625	0.614168991415711	0.232700557107117	2.63931036113934	0.00830748875961712	0.0296147225229291	"gene-blvra"
2096.99250232674	-0.377580487441129	0.143084929775258	-2.6388557343823	0.00831863726898902	0.0296381489052756	"gene-adad2"
689.18171348763	-0.208521191064771	0.0790173893022109	-2.63892787279087	0.00831686737387355	0.0296381489052756	"gene-dbt"
306.445726455952	-0.424905473357211	0.161129274869808	-2.63704701520276	0.00836312395572207	0.0297884538917922	"gene-thyn1"
26.1874739451239	0.659099305558078	0.250002986062796	2.63636573281779	0.0083799356611175	0.0298401283330032	"gene-ccsapa"
50.757710251092	0.884999651573235	0.335745091274072	2.63592729893644	0.00839077068116406	0.0298581031995252	"gene-laptm4b_ChrAur1"
68.3395478711791	-0.504630640195877	0.191441130911743	-2.63595726682433	0.00839002968572374	0.0298581031995252	"gene-ubxn2a"
1003.31712751444	0.366086513441908	0.138885793894976	2.63588163465256	0.00839189990319449	0.0298581031995252	"gene-zc3h7bb"
172.317459403385	0.295041868344005	0.111968443466084	2.63504483237167	0.00841261708535988	0.0299235934832452	"gene-atf7a_ChrAur2"
14.8984950432211	0.972235753505404	0.369013516058249	2.63468873414364	0.00842144707472495	0.0299467767887872	"gene-scamp4"
98.2730616433955	-0.332725548330288	0.126303258265456	-2.63433859822513	0.00843013730090679	0.0299694505034433	"gene-lrrc28"
66.0526314350351	-0.665280793917699	0.252563809637778	-2.63410975179631	0.00843582150615991	0.0299814281905261	"gene-LOC119030191"
419.07294989116	-0.369850876204477	0.140439817800019	-2.63351862739619	0.00845052002349728	0.0300254279353397	"gene-pkn1b"
21.3928124980297	0.945293979852502	0.359042806087434	2.63281693387363	0.00846799760879364	0.0300710274284306	"gene-aldh18a1_ChrAur1"
942.580715206679	-0.416017468188207	0.15800819069002	-2.6328854622755	0.00846628929940811	0.0300710274284306	"gene-kat14"
1651.68436522603	-0.246927948514658	0.0938194804763487	-2.63194751517417	0.00848969768067177	0.0301398230982402	"gene-eif2s2"
1301.8881613898	-0.526888931655654	0.200201487027281	-2.63179329723888	0.00849355203884827	0.0301452432050217	"gene-med1l"
372.990986497304	-0.332398121309114	0.126308197800044	-2.63164329076507	0.00849730264142903	0.030150292194287	"gene-tmem168b"
1820.79694688009	-0.249772323676907	0.0949781230462258	-2.62978795185648	0.00854381415170811	0.0303070219333804	"gene-LOC119028291"
827.525198575708	-0.241791676806816	0.0919678752046535	-2.62908843189825	0.00856140942831339	0.0303528096102072	"gene-rcn1"
33.8310168326193	1.17084615906531	0.44533968835216	2.62910804872942	0.00856091555794096	0.0303528096102072	"gene-tgfbi"
866.211998636289	-0.327503971106234	0.12461619758427	-2.62810114138465	0.00858629822941451	0.0304327171234667	"gene-tle3a_ChrAur1"
30.2869859605657	-1.32215858825011	0.503265752960473	-2.62715787925659	0.00861013750990547	0.0304696935530512	"gene-dgkab"
78.0272420470104	0.650566026452216	0.247621495465684	2.62725990418862	0.00860755615973331	0.0304696935530512	"gene-enpp4"
50.3664203295148	0.472570846947876	0.179873877004759	2.62723445347972	0.00860820002768057	0.0304696935530512	"gene-mpzl2b_ChrAur1"
648.576168803786	-0.528638334559338	0.201222766147774	-2.62712984559171	0.00861084691561789	0.0304696935530512	"gene-prmt3"
47.858696620661	-0.508730247243371	0.193623909150466	-2.6274144008116	0.00860364853136269	0.0304696935530512	"gene-tnpo2b_ChrAur3"
483.562311192699	-0.290811603677818	0.110694642383615	-2.6271515713471	0.00861029713011	0.0304696935530512	"gene-tspy"
507.851120726558	-0.38756102066625	0.147530826320233	-2.62698332499679	0.00861455554177394	0.0304744902544426	"gene-rnaseh2b"
38.3472442151341	0.536156724335987	0.204125937818634	2.62659772719508	0.00862432234599848	0.0305007096403676	"gene-itpkca"
450.771700317007	-0.30776618016089	0.11718762045136	-2.6262687046251	0.00863266398154067	0.0305218758462826	"gene-ttc39c_ChrAur2"
645.620477205767	-0.543426609660845	0.206930481137781	-2.62613128173715	0.00863615016786427	0.0305258681288237	"gene-rreb1a"
148.541820143387	-0.642708847977033	0.244748696567534	-2.62599497766759	0.00863960921468893	0.0305297623299963	"gene-zdbf2"
48.9214070125277	0.645995773919635	0.246058062826395	2.62537941857819	0.00865524595123365	0.0305766749357411	"gene-g13619"
27.6619812055275	0.625463460749154	0.238393513140962	2.62365973179529	0.00869906441706617	0.0307185784855336	"gene-epn2"
282.520249228111	-0.273464765641273	0.104231972368015	-2.62361691358714	0.0087001579711943	0.0307185784855336	"gene-g51"
18.6271372793313	0.906422576095368	0.345565590044562	2.62301167190426	0.00871562866716475	0.0307648151726494	"gene-rnf43"
70.0265891481206	0.507999128659705	0.19368869275312	2.62276089243481	0.00872204608854816	0.0307790787173807	"gene-agtrap"
1063.0950956327	0.309286876039705	0.117935970315963	2.62249825232363	0.00872877154921497	0.0307944212296059	"gene-cltca"
1603.33889570686	-0.522065193005565	0.199216943506347	-2.62058630062725	0.00877787097883549	0.0309592067121183	"gene-tprb"
29.7667874335079	0.607225347036149	0.231787659689276	2.61974838457823	0.00879946655059652	0.0310269238488363	"gene-tbc1d10ab"
113.639451023453	0.391199951447248	0.149337355356477	2.61957197858118	0.00880401909852884	0.0310345267678408	"gene-vps25"
422.452019830286	-0.349465452656736	0.133423287640781	-2.61922381644208	0.00881301037020006	0.031057767974003	"gene-tapt1b"
163.63675193808	0.376578635240763	0.143813239767689	2.61852549771548	0.00883106915318774	0.0311129424926372	"gene-ptgfrnb"
968.890782213937	-0.418909035948957	0.159989217875466	-2.61835792131336	0.00883540765698062	0.0311197619161153	"gene-gse1"
171.870828967796	0.63247253795391	0.241613414038211	2.61770456939069	0.0088523409361437	0.0311625647617304	"gene-g16251"
167.54732018831	-0.435969815367177	0.166546684785932	-2.6177033540328	0.00885237246223506	0.0311625647617304	"gene-LOC119024190"
501.677691476774	-0.296136702462475	0.113162603539346	-2.61691312501052	0.00887289205951372	0.0312206652139129	"gene-gga1_ChrAur1"
51.9961670363451	0.519996212954556	0.198713413404528	2.61681485937731	0.00887544665637654	0.0312206652139129	"gene-hace1"
27.9830082545584	0.79253652177241	0.302865995867807	2.61678938073435	0.00887610912806944	0.0312206652139129	"gene-uqcc5"
46.1629106481262	-0.953558764125435	0.364448226672654	-2.61644506499936	0.0088850660344865	0.0312436845540686	"gene-g9351"
158.956430094347	0.577103476723036	0.220576778175801	2.6163383176405	0.00888784456117589	0.031244971474427	"gene-lrig1"
128.205113819927	0.435852645168638	0.166661399299621	2.61519852227491	0.00891756071422245	0.0313409304775834	"gene-src_ChrAur1"
460.960569678205	-0.565546074430809	0.216292733562876	-2.61472526198577	0.00892992536162104	0.0313758717738345	"gene-g20120"
2440.50604537602	-0.354915053480535	0.135752312658415	-2.61443099222615	0.00893762132668173	0.031394394847262	"gene-tle2a"
14.532911611247	1.33690424115431	0.511547094379351	2.61345290754969	0.00896324351913592	0.0314758586812173	"gene-LOC119021776"
1501.83888688729	-0.44638656165546	0.170847701360821	-2.61277475845411	0.00898104699970335	0.0315298291388338	"gene-nol8"
267.05602937462	-0.275025110315127	0.105266363817599	-2.61265897615386	0.00898408979209005	0.0315319639288234	"gene-tbrg1"
2942.55695534447	-0.366614666410888	0.140362935395072	-2.61190509716114	0.00900392447234858	0.031585241480835	"gene-LOC119005916"
1134.66170895647	-0.356791503158298	0.13660245897247	-2.61189663672309	0.00900414728957168	0.031585241480835	"gene-supt5h"
180.428224026533	0.585739600767289	0.224269237075319	2.61176971218114	0.00900749061228807	0.0315884134632393	"gene-sec31a"
16.4073183743725	0.893743782529871	0.342217699090452	2.61162349260505	0.00901134356009221	0.0315933704512058	"gene-dnajb9a_ChrAur1"
54.8658270186961	0.782045982907863	0.299499412312214	2.61117701991554	0.0090231174137261	0.0316206377824015	"gene-LOC119014447"
34.409577277193	0.637273501719413	0.244059172552081	2.6111434168016	0.00902400411116947	0.0316206377824015	"gene-niban1b"
381.151616504439	-0.459334215278206	0.17596201037804	-2.61041695472429	0.00904319255988455	0.0316793039878455	"gene-g1912"
66.4684795033532	-0.786467103623497	0.301372472826221	-2.60961824498482	0.0090643313652046	0.0317447689320619	"gene-g5731"
269.968850739582	-0.502335826974487	0.192501238139063	-2.60951997935514	0.00906693512764863	0.0317453032814754	"gene-coro1ca_ChrAur2"
120.963879348205	0.527075191028978	0.201989506324867	2.60941868030146	0.00906961996628415	0.0317461211306341	"gene-arhgef18a"
15.8128719653323	0.989259260177209	0.379205333782926	2.60876937122279	0.00908684617132708	0.0317978234976647	"gene-tmem163a_ChrAur2"
61.5270541803165	0.473365273590947	0.181470701315116	2.60849420959128	0.00909415503221742	0.0318062116722246	"gene-nr3c1"
46.702692899746	0.623482590896541	0.239019851740206	2.60849710330426	0.00909407814192909	0.0318062116722246	"gene-tdg.1"
1396.4070549257	-0.390466503599267	0.149713418195802	-2.60809290379436	0.0091048239514498	0.0318349284544348	"gene-kdm5c"
194.107898605475	0.351315866446674	0.134755716082049	2.60705724893159	0.00913240900920307	0.0319227608848013	"gene-kpna6"
545.810341395523	-0.375152008615536	0.143953418888654	-2.60606529189634	0.00915890008335533	0.0320067228762911	"gene-ehmt2"
59.95262685769	0.522003307404782	0.200325084440643	2.60578104266045	0.00916650383934533	0.0320246536885248	"gene-gimap4"
141.438574385782	-0.284306518378429	0.109109984332053	-2.60568746406564	0.00916900832858981	0.0320247645263125	"gene-g4885"
71.5054384146388	0.539778604267139	0.20717155771733	2.60546674560234	0.00917491794309744	0.0320281299948935	"gene-brcc3"
43.0880856091892	0.72400047185875	0.277867962669475	2.60555576433959	0.00917253410680424	0.0320281299948935	"gene-g19079"
60.760610402396	0.735549019390539	0.282398119857957	2.60465267885109	0.00919674353281485	0.0320697429977073	"gene-arl6ip5b"
29.9948296932588	0.842722059498482	0.323522690784513	2.60483138742126	0.00919194828923913	0.0320697429977073	"gene-ccdc120b"
141.989440901706	0.426334773700981	0.163675212975079	2.60476076952406	0.00919384289534487	0.0320697429977073	"gene-g6875"
1532.87924263097	-0.318446720256993	0.122257900965518	-2.60471280581537	0.00919512991144362	0.0320697429977073	"gene-trim47"
59.605266096682	-0.743585447600336	0.285621931778442	-2.60339058338537	0.00923067264423994	0.0321793920364876	"gene-spata17"
488.360468582086	-0.350619137670887	0.134697528029732	-2.60301092974396	0.00924090076597668	0.0322063793918633	"gene-g10517"
145.828471242356	0.534127467784234	0.20528765874054	2.6018488936995	0.00927226967380196	0.0323070122532712	"gene-plcl2"
513.531240198111	-0.197996792021891	0.0761058269489545	-2.60159832642895	0.00927904612281551	0.0323219274708402	"gene-dnm1l_ChrAur1"
174.163934927628	0.435349274269851	0.167358576228561	2.60129647419619	0.00928721541266262	0.0323416850791593	"gene-g12408"
295.245828610756	-0.471828651010996	0.181406000001846	-2.60095394312313	0.00929649340219238	0.0323565939402831	"gene-lrrcc1"
42.0049158286266	0.637813995479546	0.245221218471018	2.6009739265484	0.00929595189279295	0.0323565939402831	"gene-ppm1h_ChrAur2"
37.6859546274876	0.65202209054192	0.250724501020888	2.60055195199132	0.00930739250818947	0.0323858249257286	"gene-nt5dc3"
29.1214926011523	0.619801286890847	0.238345189101476	2.60043548278613	0.00931055244417126	0.0323881183734789	"gene-slc31a2"
179.207007063788	0.657333900866723	0.252797427405004	2.60023967654392	0.00931586703754039	0.0323915114796765	"gene-shisa7b"
58.8383912479389	0.500677336864796	0.192552264842537	2.60021525726655	0.00931653001789784	0.0323915114796765	"gene-trit1"
24.543625363402	-0.929235991173099	0.357451668026126	-2.59961296671074	0.00933289546158072	0.0324397018580064	"gene-chmp1b_ChrAur2"
170.661176162253	-0.369493973082021	0.14214365819954	-2.59944043766856	0.00933758814557763	0.0324473045541658	"gene-ybey"
12.6833604366156	-0.907442056377403	0.349104170329387	-2.59934464696086	0.00934019450277981	0.0324476553126345	"gene-adora3a.1"
26.2614272058906	1.11366984457708	0.428545655536093	2.59871925007366	0.00935722680504168	0.0324981078981214	"gene-g12060"
182.26253399943	-0.458347724207378	0.176420433826762	-2.59804215569187	0.00937569829192643	0.0325535304500641	"gene-dnlz"
320.958635945688	-0.315596908328805	0.121484060189904	-2.59784623460448	0.00938104918565397	0.032563379255804	"gene-ttc33"
28.354731882394	0.826767064379825	0.318351215787749	2.59702813552641	0.00940342212791693	0.0325886325872765	"gene-mmp28"
17723.1251872798	-0.517668051143963	0.199328097627846	-2.59706512681654	0.00940240948311048	0.0325886325872765	"gene-rpl13a"
15.7689180366394	1.10114059518256	0.423978049471407	2.59716416110551	0.00939969887621582	0.0325886325872765	"gene-tead3b"
1217.46402090096	-0.23943465926452	0.0921906077166699	-2.5971697681002	0.00939954543144942	0.0325886325872765	"gene-terfa"
257.051755921773	0.559030272431275	0.215251953047885	2.59709732950443	0.00940152800656171	0.0325886325872765	"gene-ttc8"
21.6821550110492	0.847578436525004	0.326361134649083	2.59705689967145	0.00940263469462775	0.0325886325872765	"gene-wu:fa25f02_ChrAur2"
35.9717256974185	-0.662375928935023	0.255086438942101	-2.59667245221674	0.00941316400393335	0.0326049443741484	"gene-g11493"
851.725985618132	0.205084114280308	0.0789788425720245	2.59669688237432	0.00941249459399778	0.0326049443741484	"gene-g14114"
178.197974667632	0.547702330922198	0.21094018021209	2.59648176260923	0.00941839054310758	0.0326056070365641	"gene-fpgs"
1034.33511306285	-0.189808345209952	0.0731015576590003	-2.59650206217709	0.00941783403685906	0.0326056070365641	"gene-timm29"
28.9788980283782	-0.786608186217475	0.302963882269133	-2.59637611033352	0.00942128744056751	0.0326069197335088	"gene-mybphb_ChrAur1"
1146.1936462635	-0.372811102516145	0.14361831359362	-2.5958465406511	0.00943581977988915	0.0326484910417698	"gene-gsk3ab_ChrAur1"
788.406193067643	-0.361351789114155	0.139210785736094	-2.5957168994016	0.00943938041274941	0.032652087533525	"gene-cyld3"
73.5501807022183	0.434583868655724	0.167431736552543	2.59558837293277	0.0094429116108329	0.0326555803129231	"gene-c1galt1c1"
98.9323136514755	-0.583612096874996	0.224878552291703	-2.59523236399157	0.00945269892460043	0.0326807004197811	"gene-dhrs3b"
219.107158433481	0.29355854966975	0.113145180781965	2.59452985660476	0.00947203863843084	0.0327260556288381	"gene-g5876"
1538.68981086953	-0.239019978734568	0.0921263341930971	-2.59448051231021	0.00947339839027982	0.0327260556288381	"gene-galnt6"
730.036835139723	-0.343748543829731	0.132485601975975	-2.59461057430275	0.0094698147233232	0.0327260556288381	"gene-spice1"
84.8237088913248	0.452736223160423	0.174513810277451	2.59427160773489	0.00947915698030623	0.0327305543360013	"gene-chmp6b_ChrAur1"
393.146006205716	-0.351228796891493	0.135387417796856	-2.59424991337452	0.00947975517831372	0.0327305543360013	"gene-usp11"
566.149333209056	-0.488088397074355	0.18822991683429	-2.59304368446408	0.0095130686311575	0.0328368208534437	"gene-sart3"
386.403597678081	-0.203269343020124	0.0783992224413197	-2.59274692644135	0.00952128043575615	0.0328564089857389	"gene-nipa2"
2276.08143387449	-0.539682259840233	0.20820827228248	-2.59203082530763	0.00954112222205261	0.032916109189612	"gene-agap2_ChrAur1"
222.111553461589	0.647773526609963	0.25004244980876	2.59065421533583	0.00957936903684997	0.0330392565635803	"gene-nfe2l3"
635.665578553655	-0.302361535289727	0.11675668378605	-2.58967217537446	0.00960673686555935	0.0331248267161499	"gene-exoc7"
725.568110798716	0.341589213430751	0.131914755646933	2.58946932627467	0.00961239861352395	0.0331267095379853	"gene-sdha"
107.780230026987	-0.617455432597812	0.238440251402006	-2.58956039916597	0.00960985629815998	0.0331267095379853	"gene-susd2"
28.4918557520453	0.608447932937058	0.234980939318165	2.58935016049629	0.00961572605226242	0.0331293610276272	"gene-pard6b"
84.7190224283962	-1.05980036256201	0.409412212225899	-2.58859001005386	0.00963697573781404	0.0331937427607526	"gene-LOC119019235"
856.790014900942	-0.344135688088609	0.132950071746023	-2.58845808482162	0.00964066791245867	0.0331976309849115	"gene-racgap1"
585.150989960597	-0.334367296693793	0.129209798118139	-2.58778592307739	0.00965949920538355	0.0332359655177796	"gene-cnot3a_ChrAur1"
23.914024497921	0.66538190336704	0.257118620109816	2.58784020808315	0.00965797713961771	0.0332359655177796	"gene-mcoln1a"
257.85012716701	-0.404788158974893	0.156417900508602	-2.58786339452646	0.00965732709355797	0.0332359655177796	"gene-pick1"
2600.88367872101	-0.289662656342814	0.111952689223239	-2.58736666669268	0.00967126169682879	0.0332675990001673	"gene-mcmbp"
105.582508701942	-0.611088807603414	0.236206220667337	-2.58709870500848	0.00967878621049819	0.0332799241412182	"gene-g724"
43.7706784777805	0.609722933447476	0.235682149392141	2.58705606266763	0.00967998411242134	0.0332799241412182	"gene-mob2a"
2030.72204405959	-0.330774181066191	0.127864969888051	-2.58690227163697	0.00968430548373024	0.0332859448831715	"gene-ssx2ipa"
1028.30162797808	-0.284156638856545	0.109888935062742	-2.58585305876614	0.00971383321042814	0.0333785762558384	"gene-gjc4b_ChrAur2"
606.10237406042	-0.40973336567348	0.158474586269834	-2.5854831068991	0.00972426379036849	0.0334055544692473	"gene-g802"
109.141350483349	-0.399568451573486	0.154557522749262	-2.58524104466726	0.00973109399735949	0.0334201533704065	"gene-map3k8"
883.245389168913	-0.249148511939511	0.096382579266322	-2.58499527441645	0.00973803320692102	0.0334351187865414	"gene-rcc2"
18.7968995021543	1.1326764047301	0.438198280373822	2.58484904085845	0.00974216413636126	0.0334404367161449	"gene-lrif1"
1567.21513736221	-0.212540165956612	0.0822301855080897	-2.58469763437057	0.00974644284071235	0.0334462589374843	"gene-ssrp1a"
502.208158212911	-0.451418933931356	0.174705138261431	-2.58389042488176	0.0097692826311594	0.0335157561208332	"gene-phf12b"
283.079494213233	0.37345327937284	0.144547619331551	2.58360034637614	0.00977750197313128	0.0335350709888833	"gene-nectin3b"
2854.75652957727	-0.203609505409434	0.0788137445004936	-2.58342636427024	0.00978243469273742	0.0335431060909829	"gene-caprin1b"
111.067936018106	0.45700025097548	0.176922429457868	2.58305434972737	0.00979298944548949	0.0335531617790344	"gene-frk"
601.49800515656	-0.430150363907001	0.166520553180408	-2.58316679647934	0.00978979804984355	0.0335531617790344	"gene-larp1b"
102.947732153117	0.437763211584454	0.169475376459158	2.58304905839787	0.00979313964363756	0.0335531617790344	"gene-smarca2"
64.0733955767268	0.516076190064288	0.199876480959548	2.58197556604339	0.00982365397620388	0.0336488078936304	"gene-homer1b_ChrAur1"
50.0859800014037	0.785845766211088	0.304582283542831	2.58007707168753	0.00987782669697839	0.0338254187077121	"gene-g12081"
70.4653267879977	-0.607581444893326	0.235531893791748	-2.57961431512344	0.00989107153552949	0.0338530152464045	"gene-cfap91"
731.892477196548	-0.309569322605315	0.120006117283748	-2.57961285317943	0.00989111340378307	0.0338530152464045	"gene-mrpl4"
358.113402745732	-0.246678360875644	0.0956378284781365	-2.57929696649309	0.00990016370840183	0.0338750383586558	"gene-stk38a"
815.664452342543	-0.352452202061817	0.136652217661159	-2.57919123519644	0.00990319460815171	0.0338764588933367	"gene-yars1"
188.022760887037	0.350122464159848	0.135754200249978	2.57909120686603	0.00990606278728658	0.0338773221965008	"gene-grb7"
5477.93338047776	-0.981857678805538	0.38077918799315	-2.57854869637256	0.00992163144812797	0.0339126547597533	"gene-g17407"
15.7617793954049	0.801156575745751	0.31069650495644	2.57858251691011	0.00992066024866192	0.0339126547597533	"gene-vps37c"
136.951203561294	0.364506347569008	0.141369685876964	2.57839115442502	0.00992615658050584	0.0339150907348284	"gene-pcnx4"
220.891535026774	0.383133914825685	0.148597036663217	2.57834155666258	0.00992758157483858	0.0339150907348284	"gene-trak2"
33.664118070207	1.04754901297634	0.406340239669915	2.57800953660731	0.00993712554418727	0.0339387428593801	"gene-rorcb"
361.152737915194	-0.47100226826234	0.18271873373745	-2.57774481372625	0.00994474090102938	0.0339508466691855	"gene-arhgef5"
244.915290729724	0.582392883249875	0.225934730934533	2.57770410437087	0.00994591245949269	0.0339508466691855	"gene-g12865"
1669.80888831493	-0.323220368159031	0.125414300218158	-2.57722099949359	0.00995982493374958	0.0339893788450569	"gene-dgcr8"
120.132438724471	-0.472672542864265	0.18345261911589	-2.57653744679257	0.00997953952924786	0.0340476861020256	"gene-g16944"
1648.09312737747	-0.657981191339054	0.255423778018002	-2.57603734642387	0.00999398511880202	0.0340879908542546	"gene-noxa1"
18.9146296113467	1.17590130665388	0.456527453816069	2.57575157161882	0.0100022481925294	0.0340935228812568	"gene-esr2b"
19.7288650734292	1.59591587095846	0.619638259867809	2.57556057190355	0.0100077742713678	0.0340935228812568	"gene-g5051"
458.034859272349	-0.384861065644704	0.149430073044969	-2.57552618293163	0.0100087695154458	0.0340935228812568	"gene-mcm10"
1499.32080196697	0.308409956994492	0.119746293534569	2.57552820960975	0.0100087108593318	0.0340935228812568	"gene-myo1b"
526.073764460981	-0.379094911907338	0.147183597476667	-2.57566004912629	0.0100048958180294	0.0340935228812568	"gene-pcm1"
24.0314712567277	1.18238612690208	0.459242025570479	2.57464705115631	0.0100342422357502	0.0341713045477782	"gene-lpxn"
80.8756589084975	0.503131770213138	0.195448722422581	2.57423923767235	0.0100460781661858	0.0341846448581904	"gene-g10874"
132.378315721855	0.620447788603949	0.241010811363156	2.57435666514169	0.0100426688063573	0.0341846448581904	"gene-tmtc3"
463.302157389654	-0.283562401119754	0.110151761899362	-2.57428838386467	0.010044651142499	0.0341846448581904	"gene-znf511"
1437.09147735393	-0.243191886381672	0.0945031748653063	-2.57337265894282	0.0100712700849173	0.0342433759175018	"gene-cstf2"
13.6044968363077	0.920443562012928	0.357660949371071	2.57350869204895	0.010067311809301	0.0342433759175018	"gene-LOC119009427"
1313.4695637149	-0.387343452120636	0.150518126761254	-2.57340069568514	0.0100704541616572	0.0342433759175018	"gene-ocrl"
177.329037228562	0.39530753561198	0.15362894129148	2.57313193913094	0.0100782779185558	0.0342582092711853	"gene-zgc:153039"
18.5964880084134	0.729777340353751	0.283624733570994	2.57303843415011	0.0100810012057184	0.0342584745776065	"gene-wdfy2"
99.8744222456075	0.360925150057806	0.14029193178596	2.57267218052468	0.0100916744761078	0.0342857492497564	"gene-xxylt1"
298.757531865464	-0.301301910872034	0.117122648634362	-2.57253327503418	0.0100957250559095	0.0342905153944621	"gene-pus10"
93.3949817459497	0.50173920664083	0.195076122945064	2.57201752354964	0.0101107773946184	0.0343326371362618	"gene-ppm1la_ChrAur2"
492.181177125766	0.862398769411771	0.335450979926284	2.57086376555312	0.0101445224932522	0.0344381941835149	"gene-lama5"
31.3861016355628	1.07801226930486	0.419339814537772	2.57073674364339	0.0101482437493267	0.0344417989511348	"gene-dcn"
26.7412004134198	-1.99085995340164	0.774498828264742	-2.57051383520121	0.0101547770519932	0.0344549430443709	"gene-inpp4aa"
1316.99770031018	-0.294086535058432	0.114414191684534	-2.57036763297069	0.0101590641783964	0.0344604610200136	"gene-ice2"
1427.86762750718	-0.302075543320357	0.117576364828839	-2.56918593936886	0.0101937744811527	0.0345691472389128	"gene-med17"
688.773350436361	0.331190094712881	0.128923407786703	2.5688903233214	0.0102024742084754	0.0345895925324516	"gene-mars1"
378.148226764056	-0.361741243109437	0.140827587524267	-2.56868167287963	0.0102086185908527	0.0346013659696765	"gene-hmgxb3"
12.8475001248118	1.07015643036405	0.416649376769696	2.56848201396826	0.0102145012728559	0.0346122464638296	"gene-parp4"
22.706179183307	1.07237040420562	0.417618041790438	2.56782585256157	0.0102338554494479	0.0346687580240126	"gene-lnc.tie1"
49.2840090013281	0.569431565608972	0.221879568394329	2.56639928466494	0.0102760462591427	0.0348015656845837	"gene-snx24"
36.0710216684245	0.543023956152362	0.211596458946907	2.56631873167884	0.0102784332285949	0.0348015656845837	"gene-tsen15"
135.882684304799	0.45163133053343	0.176047682005868	2.56539208802747	0.0103059273148438	0.0348673105158154	"gene-klc1a"
79.8314130912114	0.625671718905262	0.243887497377523	2.56541120653167	0.0103053593964173	0.0348673105158154	"gene-pde7a"
44.782730770303	0.760721086054067	0.296524037636778	2.56546178217733	0.0103038571725415	0.0348673105158154	"gene-slc25a24_ChrAur2"
14.7460488127983	1.20400180769957	0.469526254930358	2.56429069739274	0.0103386913727216	0.0349690237576699	"gene-b4galt1l"
104.689665280135	-0.853737034449949	0.333257056936563	-2.56179731735572	0.010413206884215	0.035202673546716	"gene-ppfia2"
753.388421907791	-0.319536756289221	0.124731222468174	-2.56180248991589	0.0104130518071298	0.035202673546716	"gene-yrdc"
17.6377409550854	0.870779364758562	0.339941345331344	2.56155768257552	0.0104203935610258	0.0352177758373813	"gene-map3k20a"
2138.5284291301	-0.304231830243436	0.118776710827995	-2.56137611592904	0.0104258417055779	0.0352269960680772	"gene-ube2d2l_ChrAur1"
775.736874613481	-0.246964552210438	0.0964508196133633	-2.56052310597702	0.01045147132203	0.0353043831746507	"gene-arcn1a"
28.1363512595589	0.775463209594848	0.302880958739068	2.56029039535269	0.010458473092361	0.0353188226907866	"gene-tnpo1"
21.5565118291725	0.933980401754607	0.364875333179651	2.55972469724269	0.0104755111574563	0.0353579215533532	"gene-casp10"
15.2966169387895	0.77744235151092	0.303713362382915	2.5597897485022	0.010473550645394	0.0353579215533532	"gene-fa2h"
325.256945261429	0.520198140309579	0.203235901628425	2.55957798864029	0.0104799338535072	0.035363632969456	"gene-ndufv2"
1122.16103372094	-0.437337844909879	0.170922351931638	-2.55869311396321	0.0105066446399539	0.0354445310580994	"gene-g20768"
37.4723635764378	0.588531645641175	0.230034366879189	2.55845095507083	0.0105139649839713	0.0354599897154718	"gene-rbl1"
147.006867986408	0.617435300291191	0.241417866989831	2.55753771661481	0.0105416125681847	0.0355439792685654	"gene-gpam"
26.5978184584414	-0.985567139097815	0.385418223608472	-2.55713684181941	0.0105537691514096	0.0355757064757693	"gene-neb"
311.331182682082	0.455219506676792	0.178052075066227	2.55666498976478	0.0105680941053177	0.0356147246312698	"gene-dlg3"
43.6270047824902	0.649682794729394	0.254164965017624	2.55614614187421	0.0105838657669079	0.0356400534444159	"gene-dynlrb2"
151.483534809382	-0.342025862168352	0.133803951445868	-2.55617161131989	0.010583091071949	0.0356400534444159	"gene-g2097"
11.6716249501598	0.920184817318245	0.359983761806273	2.55618423648077	0.0105827070756727	0.0356400534444159	"gene-mex3b"
1657.20537480003	-0.352854283188987	0.138049778170803	-2.55599311976014	0.0105885212473778	0.0356464618338419	"gene-sf1"
127.100664069637	0.341406538023265	0.133617479901923	2.5551038552281	0.01061561192166	0.0357098155837452	"gene-b3galnt2"
63.273711810081	0.519002585973838	0.203118146649519	2.55517586456407	0.0106134159281382	0.0357098155837452	"gene-slc25a10b"
62.7082140235156	0.59575971338467	0.233160583704696	2.55514763223966	0.0106142768517013	0.0357098155837452	"gene-znf438"
511.997845971245	0.275949378431401	0.108011620086522	2.55481195643906	0.0106245177937626	0.0357304933645857	"gene-gpt"
55.8323976898103	-0.723178771541874	0.283081965835757	-2.5546621078697	0.0106290922747521	0.0357365976246924	"gene-tuba1b"
83.0747000976005	0.566653019736387	0.221950789455816	2.55305701378995	0.0106782015323317	0.0358923924332282	"gene-lhfpl6"
262.014027184433	0.324148623509563	0.127018045673224	2.55198874924821	0.0107109977458227	0.0359898836752737	"gene-pals1a"
60.3371868965465	0.592473457431847	0.232166694505033	2.55193131252081	0.0107127636142522	0.0359898836752737	"gene-spsb3a"
1494.58492874641	-0.331335620813864	0.129847786766339	-2.55172328358667	0.0107191615445953	0.0360020386836241	"gene-pelp1"
20.5034228654575	0.978942746131291	0.38368227775571	2.55144113472602	0.0107278444620712	0.0360218598984403	"gene-serpinh1b"
98.3559312345358	2.35458427948851	0.922889406712987	2.55131791779334	0.0107316383312489	0.0360252586905142	"gene-fkbp5"
121.565957714633	0.587623137919386	0.230348083279312	2.55102247673949	0.0107407398684027	0.0360387281724002	"gene-cnn1b"
87.3106492018763	-0.568697847282281	0.222930725977131	-2.55100702152928	0.0107412161798675	0.0360387281724002	"gene-srpk3"
141.750286758479	0.413401907400867	0.162073429148088	2.55070747607332	0.0107504515297077	0.0360417027598354	"gene-mfsd1l"
415.258708893841	-0.45365708422784	0.177844234537831	-2.55086753532816	0.010745515830763	0.0360417027598354	"gene-rbmx2"
263.177344116148	-0.3684756150612	0.144459909391632	-2.55071193532498	0.0107503139938197	0.0360417027598354	"gene-vipas39"
120.456095336007	-0.373400598825905	0.146419311172464	-2.55021414754564	0.0107656768349742	0.0360834059756085	"gene-atf2"
18.395073135305	1.0862914234142	0.426136017103423	2.54916594658685	0.0107980904915164	0.0361826830415597	"gene-angptl6"
116.845653513096	0.366071933232989	0.143644858778761	2.54845134274389	0.0108202379851111	0.0362315283804161	"gene-lrpap1"
214.854986787626	0.373062612515117	0.146382688771836	2.5485432440485	0.0108173874559508	0.0362315283804161	"gene-scnm1"
104.493971172419	-0.515968130858246	0.202465508747817	-2.54842483566381	0.0108210602868851	0.0362315283804161	"gene-txnl4b"
15.660616470211	-0.923961003947131	0.36265270856575	-2.54778464939995	0.0108409370034129	0.0362886986640478	"gene-LOC119016840"
25.5759229262484	-0.661481703952411	0.259654582858413	-2.54754488316931	0.0108483896945193	0.0363042622567751	"gene-g8049"
43.1208569349897	-0.953863554889091	0.374462052583739	-2.54729030166757	0.0108563078754136	0.0363213751729481	"gene-tectb"
17.3635579214321	1.0182385015157	0.399880401550035	2.54635760484574	0.0108853611999905	0.0363903991886019	"gene-ap3m1"
466.339113161303	-0.250378720536673	0.0983262537856171	-2.5464076062796	0.010883801913805	0.0363903991886019	"gene-e2f4"
275.954081488464	0.42276735808991	0.166028289091267	2.54635737321554	0.0108853684238008	0.0363903991886019	"gene-g6863"
10.6672651706088	1.18892048683445	0.466968852374309	2.54603809395289	0.0108953297814524	0.0364143009031199	"gene-uckl1b"
1990.93013093343	-0.356107563346371	0.139915183435602	-2.54516739786339	0.0109225362604962	0.0364863985322895	"gene-bag6"
12.5222779543688	0.842725629811568	0.331100635623102	2.54522504381676	0.0109207331435611	0.0364863985322895	"gene-elk4"
767.326308203903	-0.307486350616695	0.120822968018856	-2.54493293500875	0.0109298727881428	0.0365014910983077	"gene-gmps"
393.429419304925	0.368842518096329	0.144956358993036	2.54450733074806	0.0109432014715523	0.036536582175322	"gene-fdps"
951.380978642861	-0.269496699749185	0.105919074913679	-2.54436417584668	0.0109476879104618	0.03654214075474	"gene-utp11"
54.7283941133156	1.2339680133887	0.485172546698283	2.54335910344918	0.0109792326774775	0.0366379908286551	"gene-pfn1"
31.8486469228171	0.807296303939402	0.317437314735208	2.54316763173483	0.0109852512762442	0.036648631962555	"gene-rftn2"
653.696621366004	-0.215124149195725	0.084594969310447	-2.54298986038119	0.0109908418509677	0.0366578400236627	"gene-kat7b"
77.4499149057156	0.400054620755638	0.157325386873957	2.54284847922316	0.010995289827102	0.0366632334064877	"gene-trip10a"
109.745763002163	-0.402577271108228	0.158339057197012	-2.54250137795961	0.0110062167238549	0.0366764595170145	"gene-carnmt1"
106.142176266863	-0.560894509729413	0.220612363184268	-2.54244368553779	0.0110080338408707	0.0366764595170145	"gene-LOC119007366"
389.091378940881	-0.265901664972254	0.104595800256043	-2.5421829970357	0.0110162479747654	0.0366764595170145	"gene-pkmyt1"
570.085663448939	-0.191681523843973	0.0753962920185122	-2.54232030133403	0.0110119209224733	0.0366764595170145	"gene-samm50l"
2381.08251839474	-0.398504048459871	0.156751155683105	-2.54227183667791	0.0110134480809277	0.0366764595170145	"gene-scaper_ChrAur2"
90.0257502568289	0.433836339264141	0.170637623765334	2.54244245607151	0.0110080725678192	0.0366764595170145	"gene-serbp1b"
14.2328186951068	1.36485007027079	0.536930563092484	2.54194892987625	0.0110236279262072	0.0366915973457492	"gene-ackr4b"
244.248955856967	-0.590758021138147	0.23241898867363	-2.54178036187787	0.0110289454616558	0.0366998645102527	"gene-brd10_ChrAur1"
307.609853568574	0.439027434248412	0.172738027595995	2.54157952570364	0.011035283882824	0.0367115236492302	"gene-plekha1a"
18870.4401762792	-0.433760540743803	0.170678195909386	-2.54139398669346	0.011041142398926	0.0367215806904187	"gene-rpl4_ChrAur1"
17.8418928633709	1.46399900929319	0.576111542691089	2.54117284728347	0.011048128630351	0.0367353822571697	"gene-rdh8a"
374.2070233758	0.225792249800713	0.088868620758152	2.54074214131427	0.0110617467583584	0.0367712223479207	"gene-eef2k"
51.8046593639924	1.14119932958045	0.449348473445563	2.53967554586273	0.011095534749747	0.0368551604370285	"gene-antxr2b"
1211.01947983727	0.274346800126855	0.108023663720919	2.53969168121935	0.0110950229259469	0.0368551604370285	"gene-kars1"
631.461687753025	-0.300561916934199	0.118344241771747	-2.53972573937225	0.0110939426484777	0.0368551604370285	"gene-topbp1"
218.490941131509	-0.340337205168488	0.134018122664413	-2.53948643961165	0.011101534884203	0.0368656354577725	"gene-glrx2"
109.873617057851	0.453575333308047	0.178623406931084	2.53928273511794	0.0111080014294365	0.0368776535536097	"gene-mogs"
247.678634830097	0.569059354798517	0.224193271309704	2.5382534965218	0.0111407255257078	0.0369768160644391	"gene-LOC119010993"
97.6134439448936	0.488970541821124	0.19264854814342	2.53814807603483	0.0111440821440617	0.0369784801044691	"gene-cd82b"
221.097404954626	-0.253762139688831	0.0999859384915374	-2.53797827491822	0.0111494905487235	0.0369796170185257	"gene-atg7"
674.646281209172	-0.412916168791516	0.162696216241988	-2.53795803202553	0.0111501354688706	0.0369796170185257	"gene-leo1"
199.31630869534	0.525814950584178	0.207189775210986	2.53784217898171	0.0111538270789618	0.0369823897848526	"gene-scarb2a"
148.755524410254	0.504811957516837	0.198926219374101	2.53768436913531	0.0111588573719968	0.0369895674391821	"gene-g12809"
17.9261561637638	0.922897336210886	0.363689754791544	2.53759509046347	0.0111617040809454	0.0369895674391821	"gene-ptpn6"
445.258260749901	-0.204660403489023	0.0806625370718826	-2.53724232981463	0.0111729583958097	0.0370173917073756	"gene-zcchc17"
858.265576017968	-0.27623245039376	0.108881353657929	-2.53700418954741	0.0111805616116975	0.037033108294909	"gene-sh3rf2"
41.2880032334015	0.620472904885258	0.244656895571196	2.53609408161847	0.0112096614108449	0.0371200012610206	"gene-ctbp1_ChrAur2"
337.71646011319	-0.259446386534314	0.102333269754405	-2.53530828397229	0.0112348406007138	0.0371938703015962	"gene-g13759"
1464.94056174385	-0.421500709232897	0.166274017586078	-2.53497639229587	0.0112454904311954	0.0372196132313856	"gene-trmt1"
359.897885872767	-0.218744946879267	0.0863014123261545	-2.53466242305022	0.0112555734125902	0.0372434673649604	"gene-g9638"
75.7881868192257	0.490650265510178	0.193638561469501	2.53384585067504	0.0112818348690961	0.0373208284520213	"gene-wdr45"
1620.28287703633	-0.41268875728234	0.162882222611987	-2.5336635924071	0.0112877038258687	0.0373226487221111	"gene-otud4"
193.105738829931	0.826038176671695	0.326026976581963	2.53364977748714	0.0112881487950358	0.0373226487221111	"gene-sycp1"
412.02299624205	-0.304030218978863	0.12000261816393	-2.53352988151928	0.0112920112167384	0.0373258900632922	"gene-ccdc137"
169.620397923211	0.347058142611764	0.137045805015131	2.5324244151322	0.0113276788947486	0.0373822581261406	"gene-csnk2b_ChrAur2"
201.355395148071	0.329971788906795	0.130289850530885	2.53259780069036	0.0113220780346616	0.0373822581261406	"gene-eif4eb"
49.2366955913498	1.01951727344396	0.402593293470093	2.53237520341281	0.0113292690251797	0.0373822581261406	"gene-g14235"
269.888585318252	0.362871408847127	0.143292275154796	2.53238640014002	0.0113289072188072	0.0373822581261406	"gene-parvaa"
141.730620020675	-0.351076767493753	0.13860688952048	-2.53289550547109	0.0113124670354887	0.0373822581261406	"gene-pex11b"
21.3387309401476	0.787597772114434	0.311000576869469	2.53246402319376	0.0113263992218999	0.0373822581261406	"gene-qki2"
165.634352840129	0.426122604079589	0.16824370801003	2.53276992714751	0.0113165202793857	0.0373822581261406	"gene-ttbk2b"
174.507586188019	-0.350707146548649	0.138522819465733	-2.53176442626051	0.0113490209732771	0.0374378936894833	"gene-fanca"
1947.33427129321	-0.325478929615963	0.128584065067528	-2.5312540044914	0.0113655509686928	0.0374828751198219	"gene-msh2"
19.1460464564045	1.12601467687733	0.444893228909729	2.53097733053114	0.0113745199775762	0.0374933591828938	"gene-dennd2b"
401.831482760881	0.421498775901787	0.166533727380765	2.53101148056373	0.0113734125876291	0.0374933591828938	"gene-ppip5k1a"
420.010836495739	-0.387535694649612	0.153146612941201	-2.53048818519025	0.0113903920993274	0.0375361241929744	"gene-aox6"
15.1320553080992	0.878764806867951	0.347308062094684	2.53021712645525	0.0113991960619152	0.0375460295518473	"gene-baiap2a"
304.477771620115	-0.47311135089015	0.186980834223731	-2.53026655300966	0.0113975902418299	0.0375460295518473	"gene-dzip1"
43.4995044202287	0.539515996578626	0.213292237778237	2.52946849917515	0.0114235427951302	0.0376166546503257	"gene-stk35"
365.200347226264	0.482240758450936	0.19066917242855	2.52920150808147	0.0114322369955408	0.0376357146236018	"gene-eci1"
90.4906690929726	0.655513896043102	0.259285070789228	2.5281590415052	0.011466239759614	0.0377374209043906	"gene-LOC119029785"
146.507024605635	0.675176620184175	0.267071352265056	2.5280757911994	0.0114689590517861	0.0377374209043906	"gene-upf1_ChrAur1"
212.842840135183	-0.439491411865309	0.173860759540627	-2.52783556810939	0.0114768089199282	0.0377536581971017	"gene-rsrp1"
1198.98020888103	-0.350168867046247	0.138534838582391	-2.52765925618046	0.0114825733708989	0.0377630288792563	"gene-hgs"
275.054739666869	0.403379558728955	0.159611351486813	2.52726109372166	0.0114956005949418	0.0377962740048466	"gene-dnaja2b"
513.194313260023	-0.34722052226222	0.137402426374393	-2.52703341144877	0.0115030558798009	0.0378111869795181	"gene-gpd1c"
224.65259554928	0.349731925089218	0.138432442364443	2.52637256928906	0.0115247189670946	0.037872782375753	"gene-fermt2"
32.7702284628822	-0.555661180995973	0.219957795113469	-2.52621727140575	0.011529815042631	0.0378799174574111	"gene-entr1"
240.88182244858	-0.421298937885762	0.166776913227485	-2.52612264930882	0.0115329210321386	0.0378805123731238	"gene-g4724"
1360.16768584232	-0.27757149583613	0.109901939157539	-2.52562873743516	0.0115491458461711	0.0379241855612987	"gene-shmt2_ChrAur1"
139.334679141254	0.766572004316361	0.303530524670956	2.52551866125283	0.0115527645651406	0.037926452188374	"gene-ost4"
914.199296642905	-0.310596448534672	0.122989162263527	-2.52539689529035	0.0115567687539588	0.0379299828009429	"gene-cnot8"
619.487418720549	0.369611500946004	0.146413556567703	2.52443496087805	0.01158844461478	0.038024308640997	"gene-g12014"
242.276419024943	0.446276213663735	0.176802927360583	2.52414493541486	0.0115980100635361	0.0380460558087274	"gene-pdcl3"
181.247132439426	0.433594571338585	0.171793484956284	2.52392907361371	0.0116051340370754	0.0380597849871269	"gene-gmppaa"
2831.65260581675	-0.346493063766638	0.137319286880888	-2.5232658254859	0.0116270471642659	0.0381219969175715	"gene-hdac1_ChrAur1"
1045.2989779058	0.328674915602567	0.130295271899985	2.52253908226893	0.0116511002567896	0.0381911919579049	"gene-pes"
150.801779341722	0.934503391753965	0.37050655502221	2.5222317367582	0.011661285777242	0.0382149069081634	"gene-bcam"
19.920467106875	0.922285235206774	0.365744553279436	2.52166498977807	0.0116800886545527	0.0382480433485832	"gene-limch1a"
651.212354508217	-1.79339897497787	0.711179504974736	-2.52172477192179	0.0116781040034567	0.0382480433485832	"gene-LOC119015531"
188.908372080013	-0.329320236474925	0.130601216603038	-2.52157097032177	0.0116832105232797	0.0382480433485832	"gene-mtg2"
1392.14379067719	-0.176222731326105	0.0698837968867525	-2.52165364757837	0.0116804652273282	0.0382480433485832	"gene-qars1"
22.5524065359858	0.657739583370948	0.260891944015052	2.52111879442701	0.0116982351394928	0.0382682099751379	"gene-cpeb3"
116.524539640536	-0.362955780319634	0.143956699586539	-2.52128439566958	0.0116927306575594	0.0382682099751379	"gene-g8763"
105.593623622974	1.30107397364716	0.516068489674862	2.52112655525019	0.0116979771232437	0.0382682099751379	"gene-rai14"
1428.65307145258	-0.251769231072826	0.0998710912968423	-2.52094202439927	0.011704113401265	0.0382777708736827	"gene-ddx23"
24.4936865447589	1.30151049656435	0.51634845077515	2.52060501897605	0.0117153273465859	0.0382854414498194	"gene-fam20a"
21.5008215428226	0.810705609026651	0.321623574283654	2.52066600165215	0.0117132974257694	0.0382854414498194	"gene-g10124"
50.6926746932382	0.628908321026982	0.24949434425273	2.52073177414361	0.0117111084168467	0.0382854414498194	"gene-rnf5"
400.613038037806	0.441030802239031	0.175036949366153	2.51964401708382	0.0117473572977226	0.0383804299603445	"gene-mbtps1"
52.6580703533239	0.677342863634711	0.268840516038006	2.51949696279766	0.0117522654263661	0.0383867817243044	"gene-nccrp1"
28.2392826935135	0.92694834896577	0.368165945735933	2.51774603192285	0.0118108449412672	0.038558672254689	"gene-mrvi1"
100.597336131716	0.425273597314788	0.168905977634657	2.51781259177608	0.0118086133745375	0.038558672254689	"gene-tnfrsfa"
27.4118873053326	0.842255586568125	0.334560638307056	2.51749754791869	0.0118191792234899	0.0385761567851354	"gene-apol_ChrAur2"
30.6541821548504	1.04259904845716	0.414179118660201	2.51726608485187	0.0118269473061867	0.0385917849741557	"gene-hivep2a"
48.6917261974234	0.588204785269881	0.233739753656936	2.51649441768985	0.0118528777833114	0.0386666549550797	"gene-npas2"
557.122062000154	0.266453055221866	0.105890396536984	2.51630991984059	0.0118590849623008	0.0386771617594454	"gene-mmadhca"
56.0651691012508	1.02086119988267	0.405723389261932	2.51615072461008	0.0118644431856189	0.0386848951905717	"gene-LOC119021445"
40.0458265771003	0.855982378268157	0.340257323605384	2.51569126917864	0.0118799196649114	0.0387256077473615	"gene-LOC119027470"
86.510950554638	0.418765829624922	0.166491690056593	2.51523562216575	0.0118952855367434	0.0387659393523814	"gene-rab40c_ChrAur2"
1396.8911809297	-0.380526120350315	0.151301685576042	-2.51501573760769	0.0119027070482077	0.0387803670393303	"gene-ube2e1"
218.601903697155	-0.268889386806935	0.106922969627496	-2.51479534980843	0.0119101496644295	0.0387948562132862	"gene-pdcd10b_ChrAur1"
415.306894240895	0.278195355617763	0.110655398058943	2.51406944891722	0.0119346929204031	0.0388650259019714	"gene-phf6"
267.939764312769	-0.442523855434604	0.176046473414547	-2.51367634268121	0.0119480028468928	0.0388985884540244	"gene-g21728"
16.0424986498062	-0.960589115444061	0.382266734284512	-2.51287655788829	0.0119751228672555	0.0389770837531607	"gene-mboat2b"
25.8405178570584	-0.648417022782408	0.258300302078815	-2.51032235566089	0.0120620994908951	0.0392404547868834	"gene-matr3l1.1"
562.414965371334	0.248170458251775	0.0988566752075642	2.51040668453298	0.0120592189792421	0.0392404547868834	"gene-rpe"
507.828034968196	-0.304083257219232	0.12116066584069	-2.50975227900332	0.0120815882119478	0.0392939851664831	"gene-exosc2"
36.431078633906	0.521434083051616	0.207774765122998	2.50961218867431	0.0120863816294165	0.0392997058705933	"gene-ufm1"
18.9789573266913	0.960199546450229	0.382650640530413	2.5093373556601	0.0120957903834882	0.0393204270222279	"gene-itih3a.1"
107.153326759351	-0.537048947055513	0.214028263650506	-2.50924311535077	0.0120990181419076	0.0393210499261846	"gene-pnpla3_ChrAur1"
67.1282765797953	0.61067307925771	0.243390535210413	2.50902558199224	0.0121064716386173	0.0393354024565311	"gene-ptgesl"
402.219842040807	0.368174146455881	0.146779225016352	2.50835325240929	0.0121295338664902	0.0394004497378769	"gene-zgc:162634"
204.065934597166	0.384250663908114	0.153209058733009	2.50801530331004	0.0121411408828852	0.0394282636846153	"gene-g3126"
1916.58775046714	-0.396605364900551	0.15825762368183	-2.50607430892497	0.0122079960327996	0.0396287844780582	"gene-nup205"
682.302928482429	-0.287265815201639	0.114629151456832	-2.50604502912873	0.0122090070316927	0.0396287844780582	"gene-prpf38a"
343.618436914122	-0.265695326757393	0.106069490785386	-2.50491752897149	0.0122479948371985	0.0397453723719762	"gene-zgpat"
17.2475855878493	0.75112556017919	0.299890550875302	2.5046656454725	0.0122567197710679	0.0397637218825402	"gene-camkk1a"
28.6624187094503	0.913580450162885	0.364813627273276	2.50423882734659	0.0122715167964517	0.0398017565817296	"gene-ccdc80"
82.8436945296487	-0.969657070012771	0.387430947417071	-2.50278682298689	0.012321973775599	0.0399454023448769	"gene-g22057"
260.554307093016	-0.236865564341341	0.0946377522913905	-2.50286549084587	0.0123192353752502	0.0399454023448769	"gene-hacl1"
2239.61765678705	0.45641021922189	0.182386236555412	2.50243783654818	0.0123341283731978	0.0399647977386252	"gene-g6533"
96.8316306490933	-0.420127649659502	0.167882202960076	-2.50251451465295	0.012331456896618	0.0399647977386252	"gene-ntpcr"
716.044381759367	0.241434829791248	0.0964927849879052	2.50210240922687	0.0123458207385291	0.0399888458905996	"gene-dcaf13"
66.2998205935549	0.487657056291009	0.194903174308655	2.50204778870733	0.0123477256363607	0.0399888458905996	"gene-pex2"
59.488824603505	-0.81998547867897	0.327769878990757	-2.50171089913388	0.0123594804608118	0.0400057383697741	"gene-aldh1l2"
184.692356886108	0.372038440102571	0.148722888144927	2.50155470178893	0.0123649338951173	0.0400057383697741	"gene-LOC119017285_fusion_2"
76.2474660391028	0.498652476286659	0.199329583184389	2.50164811625269	0.0123616721902115	0.0400057383697741	"gene-smarcd2"
381.878044440713	0.273107731831437	0.109175653470475	2.50154428345413	0.0123652977140148	0.0400057383697741	"gene-ssh2a"
1417.86240095818	-0.324176212345823	0.129636132604351	-2.50066247606451	0.0123961257153909	0.0400954605744326	"gene-gtpbp6"
20.3302348763767	1.2225181826677	0.489063911402041	2.49971047580059	0.0124294840598737	0.0401933203644006	"gene-myadmb"
53.0279913561472	0.822540916571571	0.329154477213268	2.4989510200058	0.0124561525786324	0.0402695037558332	"gene-lonrf1_ChrAur1"
367.939792679601	-0.750740370664248	0.300559152178901	-2.49781237810182	0.0124962312734716	0.040388992069561	"gene-tg_ChrAur1"
53.6248199886361	-0.685451639297418	0.274460135617079	-2.49745427603281	0.0125088595770669	0.0404197206543397	"gene-wdr62"
88.7826586973723	0.483457978426513	0.193611383415648	2.49705347845492	0.0125230069185481	0.0404553411329799	"gene-cemip2"
28.2970576875062	0.669274609728644	0.268050404114672	2.49682372962336	0.0125311229730575	0.0404714647441566	"gene-g17382"
45.3878714697521	0.819848567231527	0.328434434477476	2.49623206694471	0.0125520453577372	0.0405289302986923	"gene-LOC119024655"
3180.52858143192	-0.204252462268074	0.0818294406011355	-2.49607550494778	0.0125575868779469	0.0405367167637813	"gene-psmd1"
150.91706425507	-0.333404148857859	0.133600244943109	-2.49553546103028	0.012576718387133	0.0405883577951058	"gene-g17663"
110.588743888366	-0.628493120226145	0.251876430163908	-2.49524387739319	0.0125870587064422	0.0406116086963461	"gene-fahd2a"
26.9149252280116	-1.42932988262642	0.572890878725846	-2.49494264214044	0.0125977492012373	0.0406359775604544	"gene-nek11"
235.348205734477	0.327634427006082	0.131335596786139	2.49463538464432	0.0126086616988546	0.0406437993645682	"gene-hexd"
260.349108322305	0.343125288208853	0.137539253963715	2.4947444334646	0.0126047877845147	0.0406437993645682	"gene-LOC119019054"
325.390882617024	-0.374476459354381	0.150114272820132	-2.49460928877217	0.0126095889002266	0.0406437993645682	"gene-vcpip1"
27.363377004977	-0.572152611419827	0.229441335842729	-2.49367712804815	0.0126427487206511	0.0407405420953354	"gene-g9763"
512.314096121786	-0.301440460461398	0.120903512018158	-2.49323163098955	0.0126586236637992	0.040781551012404	"gene-hook1"
274.304371166873	0.470285521455579	0.188651441116953	2.49288061978827	0.012671144102279	0.0408105191928536	"gene-mdm2"
279.294264360766	-0.288434123785829	0.115706750586792	-2.49280290322796	0.0126739177047067	0.0408105191928536	"gene-ppp2r5eb"
150.916037781192	0.420573472868153	0.168766139213568	2.49204890760658	0.0127008547337563	0.040887091637305	"gene-LOC119010315"
1601.74867559476	-0.240753961880277	0.0966217344789714	-2.49171641534415	0.0127127493473802	0.0409152129219485	"gene-rbbp4_ChrAur2"
50.6140163089783	0.749724271312584	0.30095435247689	2.4911561010574	0.0127328163991326	0.0409696161950724	"gene-LOC119017741"
14.9129780732686	1.20842124738377	0.485184725443681	2.49064157219442	0.0127512683822435	0.0410187970239533	"gene-rac2"
199.140698894762	-0.414517485404388	0.166443390577561	-2.49044124831876	0.012758458775269	0.0410317356837617	"gene-srsf1b_ChrAur2"
286.713392755271	-0.371455833554886	0.149168484924315	-2.49017635154875	0.0127679724471176	0.0410373992649044	"gene-g5278"
908.185977716298	-0.299310206074514	0.120198744860946	-2.49012755017348	0.0127697258155791	0.0410373992649044	"gene-septin9a_ChrAur2"
235.957239393432	0.327678063644702	0.131586866965699	2.49020340099837	0.0127670006881727	0.0410373992649044	"gene-serinc2"
27.0473323941483	0.588483881798468	0.236380156074122	2.48956550148794	0.0127899348414502	0.0410819558858189	"gene-slc25a42"
138.956847573594	0.444485487882583	0.178535039423683	2.48962606621869	0.012787755815887	0.0410819558858189	"gene-uggt2"
92.0058858830477	-0.447145082289911	0.179614102782884	-2.48947646850658	0.0127931387073037	0.0410820578721276	"gene-lman2la"
104.854438707358	1.39979692206057	0.562359458160741	2.48914978088704	0.0128049006976637	0.0411096353335257	"gene-g7479"
13.2636814412859	-0.847312976543852	0.340558062747645	-2.48801326184345	0.0128458942720489	0.0412310227304351	"gene-LOC119029407"
665.539469292035	-0.306728259870913	0.12331217427681	-2.48741263115167	0.0128676055344238	0.0412904755392277	"gene-snapc3"
21.3572064879718	-0.840446271387885	0.33796810776192	-2.48676207040202	0.0128911582629883	0.04135580645627	"gene-skap1"
16.1758570653004	1.04936080415216	0.422088974313932	2.48611280561831	0.0129147020930389	0.0414210764752222	"gene-aoc2_ChrAur1"
136.859493256228	0.358926239382261	0.14438551428115	2.48588815276409	0.0129228573749745	0.0414369709985875	"gene-hemk1"
38.7126504466367	-0.565069376820608	0.227323262017473	-2.48575254378135	0.0129277824172929	0.0414425024966239	"gene-pak5"
17.8701879672103	-0.684622526074974	0.27552314597159	-2.48480948364885	0.0129620783932566	0.041542162155671	"gene-lhpp"
540.920537334965	-0.294481514696655	0.118524478557723	-2.48456283697749	0.01297106138367	0.041560666991566	"gene-slc39a7"
275.02576871545	-0.512060185520594	0.206111118392584	-2.48438895249339	0.0129773976495204	0.0415706843826216	"gene-g10267"
459.877552697957	-0.433962319995609	0.174694787825575	-2.48411715882961	0.0129873071627731	0.0415921402238068	"gene-ulk4"
1458.84565424596	-0.433350459906711	0.174473529734912	-2.483760491148	0.0130003213113283	0.0416127340861803	"gene-elovl6l_ChrAur2"
1158.41034157894	-0.388210445696772	0.156297795822883	-2.48378707871665	0.012999350782039	0.0416127340861803	"gene-med4"
585.86414036625	0.549929682330458	0.221417570805487	2.48367679371556	0.0130033769474768	0.0416127340861803	"gene-pygmb"
53.5411133465167	1.22932631993893	0.495033948379668	2.48331720271454	0.0130165121689255	0.0416444785325479	"gene-LOC119029392"
45.1193384397676	0.540536247557817	0.217757002474855	2.48229100058554	0.0130540620714951	0.041747404039575	"gene-snapc5"
229.16742593623	0.335139849680473	0.135013898144227	2.48226185812711	0.0130551298247455	0.041747404039575	"gene-srm"
50.3673161881315	0.598742190502549	0.241223406746172	2.48210651934195	0.0130608226002841	0.0417552983204838	"gene-saraf"
156.452540736211	-0.642209549161361	0.258749145183806	-2.48197747167496	0.0130655535419427	0.0417563483915383	"gene-alpk1_ChrAur2"
46.9321268247785	0.57710060913622	0.232521684368794	2.48192167841388	0.013067599415559	0.0417563483915383	"gene-g17591"
106.475631795513	-0.619011821341126	0.249423603896357	-2.48176921378437	0.0130731915602246	0.0417639131466374	"gene-evplb_ChrAur1"
17.7326072052125	0.718618694901119	0.289689832065544	2.48064866404606	0.013114356408686	0.0418850875089748	"gene-rnf167"
27.2003511800555	0.646030572682373	0.260506019211039	2.47990650902778	0.0131416834969216	0.0419620174971973	"gene-plekha7a"
254.184726726974	0.287954646904941	0.116122509540814	2.47974874159719	0.013147499179244	0.0419702395539534	"gene-wdr25"
165.796295353056	0.820397536183594	0.330882992927689	2.47941886926441	0.0131596664114785	0.0419856826808106	"gene-dspa"
59.1606555234556	0.420899353935397	0.169752295053998	2.47949138950674	0.0131569906727386	0.0419856826808106	"gene-fem1a"
75.2464107985348	0.40761560482562	0.164403959608373	2.47935393889904	0.0131620625190403	0.0419856826808106	"gene-septin10"
301.387652562496	-0.286301747171571	0.115490055676423	-2.47901644427053	0.0131745232061785	0.0420150825026392	"gene-man2b2"
803.769100806429	-0.367526546215693	0.148263783075551	-2.47886934079116	0.0131799576979192	0.0420220660132327	"gene-g5050"
49.7555710131185	-0.79281508480068	0.319922051890323	-2.47815078740642	0.013206531947661	0.0420860716668693	"gene-dnmt3ab"
22.651873142665	-0.859950152270071	0.34700213990054	-2.47822723086537	0.013203702590215	0.0420860716668693	"gene-fam169b"
646.965797785653	-0.465654642552194	0.187936570239105	-2.47772236111235	0.0132223989649075	0.0421262703553547	"gene-g20531"
31.2572982299249	1.0782800921995	0.4352491596424	2.47738581065938	0.0132348751248632	0.0421556487314568	"gene-wu:fb55g09"
141.067369098782	-0.447222343663961	0.180532616510261	-2.47723847528981	0.0132403402244224	0.042162686561715	"gene-rab14"
32.0672056655613	0.630535609019385	0.254566900973782	2.47689549036983	0.0132530702667164	0.0421928498093029	"gene-cfap90"
233.14408297174	0.398299741367426	0.160840374384063	2.4763666641085	0.0132727190989891	0.0422450196733861	"gene-clint1b"
309.752882524065	-0.323074135248441	0.130531488598087	-2.47506665800159	0.0133211310525046	0.0423886899904144	"gene-tdg.2"
361.753608895378	0.400277975940828	0.161732460738703	2.47493900799248	0.0133258931172974	0.0423934271093388	"gene-sorl1"
19.3268324986134	0.914821463353084	0.369669402843364	2.47470160180044	0.013334753708178	0.0424111972678324	"gene-arhgef40"
641.058769131793	-0.491184259403394	0.198524461916919	-2.4741749941574	0.0133544266075489	0.0424633388152139	"gene-rttn"
14.9631766791416	-0.82159849748728	0.332092896010223	-2.47400202581264	0.0133608939176691	0.0424734749945343	"gene-znf362b"
292.161241185229	1.03278596887085	0.417616167849459	2.47305073026567	0.013396512492195	0.0425762535672189	"gene-cd74b"
180.441292848281	0.472361661594177	0.191035108303689	2.47264320044912	0.0134117969537112	0.0426143725092037	"gene-pde8a"
32.5419893452701	-0.645730008839189	0.261209395055455	-2.47207803801275	0.013433018953881	0.0426713339395911	"gene-pdzk1ip1"
14.0952075500566	0.949814256568365	0.384336858009468	2.47130671122093	0.0134620303671891	0.0427530052195845	"gene-LOC119026297"
78.256891678521	0.489365908886694	0.198047178601576	2.47095622539103	0.0134752312483777	0.0427844373370286	"gene-alg2"
1327.13033480014	-0.189312960645338	0.0766210266986364	-2.47077034597746	0.0134822369484644	0.0427959947270145	"gene-etfdh"
537.886749529279	-0.619849849682277	0.250881848451746	-2.47068432215213	0.0134854802317154	0.0427959947270145	"gene-LOC119030862"
454.876806497756	0.435163149179862	0.176203263224248	2.46966566462531	0.0135239382613835	0.0429075268062659	"gene-slc16a6a"
13.4187538413315	-0.902556249734316	0.365484256343004	-2.46948051542684	0.0135309387154208	0.0429192229496484	"gene-ankrd33ba"
24.7097609848704	0.630463936600673	0.255320836031035	2.46930076840277	0.0135377379770581	0.0429302753528108	"gene-cacul1"
66.9508967290949	0.604917377004463	0.244984105895647	2.4692107057024	0.0135411458993265	0.042930570512161	"gene-g18735"
200.70551289762	0.321493504829957	0.130214330443743	2.46895640237426	0.0135507726872624	0.042950576865574	"gene-abhd13"
27.1457963561023	0.784006707426013	0.317618889483265	2.46838816388256	0.0135723055120572	0.0429958883587636	"gene-borcs5"
10.9461441886722	1.2188323494356	0.493770455363387	2.46841895094473	0.013571138093291	0.0429958883587636	"gene-hspa13"
30.8668980346983	-0.623983528454332	0.252797224259565	-2.4683163760281	0.0135750279900382	0.0429958883587636	"gene-rgs19"
22.0697631916647	1.13448762316981	0.45977977950974	2.46745871334207	0.0136075912682785	0.0430674277897054	"gene-ctsh_ChrAur2"
351.339500908494	0.50791363079357	0.205843479435693	2.46747495808943	0.0136069738558447	0.0430674277897054	"gene-prkdc"
1792.90137599752	-0.329278026587764	0.133444827927001	-2.46752183432609	0.013605192374301	0.0430674277897054	"gene-tut4"
29.9901779051536	-0.800019977707384	0.324304368121767	-2.46688005573517	0.0136296003964124	0.0431265464778735	"gene-cers1"
589.735157905259	-0.295799580498141	0.119940741170989	-2.46621437895274	0.0136549581715511	0.0431962294283727	"gene-arel1"
18.0419830387767	0.758076389919149	0.307442049209508	2.46575376357368	0.0136725288822058	0.0432412506846024	"gene-soul3"
77.4368759082955	-0.421109704452374	0.170793962924702	-2.46560064091977	0.0136783743456409	0.043249176306249	"gene-alg12"
385.902791077945	-0.531454617461031	0.215713329144506	-2.46370782727576	0.0137508150864608	0.0434676119562495	"gene-prelid3b_ChrAur2"
551.843914008253	0.169705463235256	0.0688942564387773	2.46327447319306	0.0137674477675487	0.0435095695552765	"gene-azin1a"
18.9785703247329	0.689334605890347	0.279861714433376	2.4631257879843	0.0137731585873628	0.0435169985032778	"gene-orai2"
50.7425063067247	0.699482720604218	0.284022294683425	2.46277399238631	0.0137866789637852	0.0435490925024345	"gene-g3260"
205.170704975163	-0.368956806541382	0.149829714398631	-2.4625075741635	0.0137969258737046	0.0435708332090584	"gene-g10859"
292.58458936802	-0.301997664688537	0.122654116995588	-2.46218938333232	0.0138091728607855	0.0435988780399886	"gene-ryk"
309.081730338211	0.327785842606302	0.133160713441254	2.461580703012	0.0138326273742191	0.043662285431029	"gene-acads"
349.531578874309	-0.31420852979052	0.127668391294135	-2.46113017173229	0.0138500105165243	0.0437065024852597	"gene-kgd4"
74.5048648412772	0.705387708840175	0.28665048382223	2.46079371447226	0.013863004844546	0.0437261996448406	"gene-armh1"
116.572028584897	-0.419871008521882	0.170623228932357	-2.46080801042828	0.0138624525010181	0.0437261996448406	"gene-dmac2"
24.4356576562133	1.06622180398596	0.433325428404717	2.46055674118006	0.0138721634581542	0.0437444336368528	"gene-bnc2"
653.999078403766	-0.263474198090249	0.107114437950022	-2.45974495252622	0.013903578214166	0.043832824111895	"gene-alg1"
1024.72868697196	-0.463010920660842	0.188254355616506	-2.4594964570384	0.0139132070886442	0.0438525054770093	"gene-ppfia1"
1369.2779489589	-0.405456105929696	0.164861195818805	-2.45937865436402	0.0139177738445196	0.0438562260487527	"gene-kansl1a"
83.073095227552	0.696055869115735	0.28308699749133	2.45880550955737	0.0139400113474353	0.0439156134664642	"gene-LOC119010002"
909.303239159869	-0.275217729504673	0.111946309564636	-2.45847969955424	0.0139526664606496	0.0439234281312284	"gene-g20249"
1045.01345674348	-0.205940653993781	0.083764962417278	-2.45855364881418	0.0139497932338709	0.0439234281312284	"gene-mars2"
57.7844226266792	-0.70449302239793	0.286554296976288	-2.45849749883955	0.0139519748389458	0.0439234281312284	"gene-sacs"
48.0164157682551	-0.626106825775391	0.254715810820999	-2.45806031340311	0.0139689711877055	0.0439640694658502	"gene-g17434"
32.8230345185929	0.851258115206742	0.34636347937049	2.45770170906554	0.0139829262007062	0.0439908463857735	"gene-garnl3"
14.4666931213635	0.944227531316538	0.384196672117113	2.45766712687379	0.0139842726098548	0.0439908463857735	"gene-phip"
329.731234055659	-0.414716892821388	0.168803171271519	-2.4568074740392	0.0140177787883375	0.0440855398464688	"gene-hsf1"
564.913327880462	-0.306809274472461	0.124905814354829	-2.45632500021885	0.0140366149123932	0.044134061600001	"gene-uprt"
18.1077236194173	-0.660732913193014	0.269045958895707	-2.4558366009472	0.0140557051197322	0.0441833584965173	"gene-LOC119023793"
234.699483329642	0.265567249325048	0.108151252418426	2.45551709653435	0.0140682060787339	0.0442119235442083	"gene-chmp4bb_ChrAur1"
144.30342856636	-0.627031497582709	0.255377033050825	-2.45531671384842	0.0140760512760252	0.0442258466947605	"gene-hexim1"
139.591212071539	-0.547377818515908	0.222971995395828	-2.45491734306895	0.0140916985877317	0.0442642707760644	"gene-pdia8"
2051.77737715438	-0.314256058717332	0.128024692185089	-2.45465193747939	0.0141021056436483	0.0442862197359091	"gene-lipg"
579.761537832693	0.433604125646964	0.176662957375968	2.45441450821058	0.0141114214424219	0.0443047319032256	"gene-plxnb1b"
85.8351065724848	0.58456269770176	0.238226784682857	2.45380761227151	0.0141352583595321	0.0443688150785993	"gene-mgst3b"
1628.62978262994	-0.306164501657881	0.124844243738301	-2.4523717913632	0.0141917943006536	0.044524691857501	"gene-eif3i"
44.6633745314716	0.648936826509407	0.264612477175452	2.45240448763544	0.0141905046570206	0.044524691857501	"gene-slc30a1a"
36.2392433435684	0.912258816616981	0.372088968965906	2.45172228338909	0.0142174343744972	0.0445943309721756	"gene-nfatc3a"
5920.03521058336	-0.484998308203007	0.197915076971065	-2.45053745083763	0.014264312298654	0.044730534765101	"gene-rpl12"
90.393550709362	-0.578113834150893	0.235939668249803	-2.45026128263777	0.0142752584753475	0.0447540238475491	"gene-kif2a_ChrAur2"
303.789846793449	0.413515227080298	0.168778290046652	2.45004986699414	0.0142836431329265	0.0447694729464014	"gene-ndufs8a"
10.5133176258832	0.994797419411957	0.406103824649889	2.44961352006373	0.0143009622108253	0.044812911103895	"gene-slc66a2"
87.3158089105732	0.406823402437139	0.166083677540457	2.44950863601896	0.0143051279316029	0.0448151213938531	"gene-stn1"
278.972999449001	-0.369903373487713	0.151019059432253	-2.44938205070501	0.0143101569957127	0.0448200346436456	"gene-mettl14"
292.709422893006	-0.268502310990956	0.109627305404643	-2.44922841074942	0.0143162629994723	0.0448283177239278	"gene-ddhd2_ChrAur2"
680.780318169802	-0.316254002836108	0.129141527819827	-2.44889469851505	0.0143295334058176	0.0448590251725269	"gene-g12218"
829.462805712939	-0.297631397382509	0.121559635005562	-2.44843938013545	0.0143476571056614	0.0449049074856019	"gene-aldh4a1"
310.160087575143	-0.32270187106043	0.131824083563701	-2.44797355943303	0.014366219765632	0.0449521411415077	"gene-g7181"
20.3678850308122	1.02520757523983	0.419067326881204	2.44640302280223	0.0144289608531903	0.0451375536255235	"gene-g7987"
130.795112142351	0.391100318353046	0.159877770932471	2.44624575431589	0.014435256834826	0.0451463441844559	"gene-mlycd"
2557.92707484572	-0.221912320965919	0.0907232304645661	-2.4460363660947	0.0144436431032751	0.0451522809737325	"gene-nol11"
570.630705813177	-0.4967142676191	0.203084496444853	-2.44585025599914	0.014451100659109	0.0451522809737325	"gene-oplah"
467.185496627034	-0.27828156321704	0.113774549679405	-2.44590344678301	0.0144489689223921	0.0451522809737325	"gene-prcc"
70.8711685657404	-0.549645993245846	0.224715804943754	-2.44596054729405	0.0144466808034726	0.0451522809737325	"gene-tmem221"
30.6631332087044	0.672413008249064	0.274941404163851	2.44565932255274	0.0144587550184148	0.045165300589361	"gene-tnk2b"
101.877068992211	0.407996630832254	0.166843107711544	2.44539098095465	0.014469518647969	0.0451880241161916	"gene-g3621"
111.754548506405	-0.356371977311995	0.145754007852142	-2.44502351985759	0.0144842695890276	0.0452122862008909	"gene-phyh"
65.8259765358529	0.567082864721757	0.231929055479926	2.44507038390815	0.0144823875943404	0.0452122862008909	"gene-rbsn"
156.454672113043	-0.300333962320353	0.122859904887458	-2.44452380616333	0.0145043508058239	0.0452531552122922	"gene-camk2g1"
14.8260367695649	1.01298449318333	0.414376373580747	2.44460002492381	0.0145012863353103	0.0452531552122922	"gene-psmb9a"
140.852407246214	0.502355296074531	0.205510976994997	2.44442074783558	0.0145084953027395	0.045255183686363	"gene-pex12"
52.2065284391644	0.655678215312186	0.268307107168727	2.44376014571935	0.0145350862651279	0.0453272097808023	"gene-mfsd6l"
152.098456135351	-0.473799901498297	0.193889573938766	-2.44365847978981	0.0145391823978267	0.0453290686649624	"gene-esf1"
189.889928186623	-0.243652881779979	0.0997147150302517	-2.44349975533761	0.0145455794602874	0.0453380985776613	"gene-g20575"
12.5578904787217	1.15070487735872	0.471020419600992	2.44300422969665	0.0145655665719468	0.0453894736942451	"gene-abca7"
24.992234189017	-0.703700781537085	0.288092561645411	-2.4426204464217	0.0145810631716128	0.045426834047524	"gene-ryr1a_ChrAur2"
183.492535933222	0.50860784027572	0.20835439343219	2.44107086919311	0.0146437807303786	0.045611256430768	"gene-klhdc2"
112.0774555256	0.439594340947999	0.180109780406469	2.44070222036765	0.0146587363872088	0.0456468610124409	"gene-cep120"
30.9584243110584	0.761392818793594	0.311990163730809	2.44043853719227	0.0146694419668143	0.0456692170462048	"gene-calcoco1a"
1705.91567605128	-0.288416427004764	0.118193461461401	-2.44020628077597	0.0146788773230279	0.0456876087984943	"gene-pmpca"
20.0558925861824	0.723159052021218	0.296403855347943	2.43977613304765	0.0146963660909978	0.0457310517166057	"gene-g22018"
494.818616229237	-0.223018188220274	0.0914135599059011	-2.43966199817449	0.0147010096213908	0.0457345125166062	"gene-ptcd3"
731.37372331459	0.374179624556216	0.153379377871558	2.4395693198701	0.0147047811514533	0.0457352595322939	"gene-irf2bp2a"
243.513707312827	0.263623290545416	0.108071228777583	2.43934758147302	0.014713808224576	0.0457439773452044	"gene-dnajc10"
48.2500760914072	0.612834157554944	0.25123083921031	2.43932695317683	0.0147146482603754	0.0457439773452044	"gene-LOC119010936"
113.578478735279	0.359949982402821	0.147642456671198	2.43798423921132	0.0147694179347056	0.045903223343502	"gene-tpra1"
202.46485476317	0.319421853346979	0.131036700307971	2.43765183796793	0.0147830043861531	0.0459344265367249	"gene-g7279"
397.281231452107	-0.661026298134444	0.271235746808103	-2.43709137130113	0.0148059376473954	0.0459836207365511	"gene-g1560"
213.01553644129	0.260677735688404	0.106958977308699	2.43717490805892	0.0148025174904975	0.0459836207365511	"gene-stk17b"
112.447131407958	0.293001833199766	0.120237521719132	2.43685855305802	0.0148154733531351	0.0460022046023622	"gene-sra1"
62.203384032157	0.579920773081153	0.237990991776868	2.43673413330226	0.0148205715219406	0.0460070042619013	"gene-g12838"
91.1755890731657	0.380512523140452	0.156171803880497	2.43649950686118	0.0148301896776457	0.0460258295028013	"gene-sec62"
1330.09408728876	-0.359093973867045	0.147394781614646	-2.43627331940334	0.0148394670967633	0.0460335361533472	"gene-naa15b"
86.3906385687312	0.430621274253523	0.176754646692784	2.43626565021502	0.0148397817496892	0.0460335361533472	"gene-psme4a"
175.274957199607	0.373141441134674	0.153177961514947	2.43599952267457	0.014850704123644	0.0460470442420497	"gene-g8681"
507.737831025533	0.292614444522829	0.120121548068062	2.43598629245963	0.0148512473012927	0.0460470442420497	"gene-serpinh2"
235.042826265751	-0.518185800768053	0.212768949444119	-2.43543901552302	0.0148737315633298	0.046105719836449	"gene-g4870"
14.0073461803014	-0.922710274466492	0.378898392862134	-2.43524462454564	0.014881725115542	0.0461194596725018	"gene-LOC119024507"
279.745934556464	0.397085591757021	0.163113087651297	2.43441895113843	0.0149157198340433	0.0462137530073433	"gene-heatr5a"
18.2974520725561	0.872756324497876	0.358640696917678	2.43351167895541	0.0149531530237217	0.0463186521909159	"gene-arrb2a_ChrAur2"
17.7862928767656	1.39111676315944	0.571969407060575	2.43215239484323	0.0150093906825371	0.0464817357076847	"gene-g21449"
13.2749469858714	-0.799710330462566	0.328823657828024	-2.43203404446287	0.0150142959983922	0.0464858110148642	"gene-cd247"
3087.90713811072	-0.228427072926021	0.0939375800425657	-2.43168998842119	0.0150285642484633	0.0465188660568472	"gene-cse1l"
517.051238430703	0.54319465711907	0.223404432413706	2.43144082348898	0.0150389047518766	0.0465300923558706	"gene-LOC119029641"
1900.54222317688	-0.304927655098923	0.125410858302573	-2.4314294569553	0.0150393766196953	0.0465300923558706	"gene-mgat5b_ChrAur1"
233.632542684837	0.463190248155428	0.190529558514042	2.43106766093353	0.015054402956879	0.0465654580115931	"gene-fkbp2"
37.7433849963165	0.535671209253563	0.220365837797195	2.43082691313772	0.0150644091698598	0.0465852825116652	"gene-cfap418"
74.9236582892922	0.47063564248029	0.193630485493613	2.43058649200058	0.0150744076515041	0.0466050736439794	"gene-ttll6"
613.656940403713	-0.322590730094633	0.132754510949287	-2.42997942433659	0.0150996800126045	0.046672065833709	"gene-ankzf1"
15.8427832511706	1.08674948249862	0.447275567285703	2.42970902500572	0.0151109488036885	0.046695752316051	"gene-tmem179ba"
1393.65949297785	-0.428240546626708	0.176385436310533	-2.42786794411289	0.0151878722487856	0.0469222646693757	"gene-ankrd12"
203.628739810331	-0.423642984710737	0.17451071825482	-2.42760438411659	0.0151989123946405	0.0469451739620769	"gene-g8630"
371.755758427935	-0.362822163875171	0.149470518547456	-2.42738278692716	0.0152082002472487	0.0469626612785212	"gene-g9599"
19.7656372588709	-0.93349291271417	0.38469224114988	-2.42659667354838	0.015241189117114	0.0470533111455885	"gene-hist2h3c_ChrAur8"
258.039219839776	-0.434654361317523	0.179167173979244	-2.4259709614434	0.0152674918412904	0.0471120530942465	"gene-ralba_ChrAur2"
65.1752869655347	0.558447205077448	0.230193168451409	2.42599382437942	0.0152665300612986	0.0471120530942465	"gene-tmem50a"
69.3100221028206	0.610358706959939	0.251615507422465	2.42575949794358	0.0152763900501615	0.0471282819294049	"gene-g16097"
51.5625926632857	0.462733443342841	0.190769675068187	2.42561320701231	0.0152825485229958	0.0471360528509927	"gene-rnps1_ChrAur1"
351.570810588609	-0.436850477579573	0.180111139275244	-2.42544952709439	0.0152894416184187	0.0471460853333669	"gene-fam124a"
172.732375685434	0.402960089325027	0.166170582614826	2.42497849489441	0.0153092935964231	0.0471848313582285	"gene-gfra4a"
387.78916327518	0.313155114323158	0.129133807571266	2.42504360564398	0.0153065481079457	0.0471848313582285	"gene-poglut2"
1249.10163451718	-0.26605888726163	0.109738964549904	-2.42447054565237	0.0153307268950983	0.0472284119929635	"gene-ddx55"
1528.91080646696	-0.656457951613063	0.270761326093222	-2.4244893503995	0.0153299329440856	0.0472284119929635	"gene-lamb1a"
315.389873226682	-0.370631613926118	0.152949533208971	-2.42322814689296	0.0153832621994514	0.0473789842437802	"gene-tmem19"
1023.35264653373	-0.354343102659153	0.146258965803939	-2.42271029821278	0.0154052063771503	0.0474352895364893	"gene-g9400"
342.035855623831	0.453576932649773	0.187279782268763	2.42192150778374	0.0154386848381309	0.0475270756687979	"gene-sdhdb"
182.240023686742	-0.4753372608607	0.196275439887825	-2.42178675606263	0.0154444104757353	0.0475334030587565	"gene-irf9"
64.821842040626	-0.431256734282036	0.178084889215218	-2.42163575013295	0.0154508289796839	0.0475418593765471	"gene-g13237"
304.21080957265	-0.393415011791289	0.162470376550392	-2.42145688429094	0.0154584347058727	0.0475440803025256	"gene-mtif2"
595.46795680307	-0.358711357721752	0.148139310680528	-2.42144611092012	0.0154588929159088	0.0475440803025256	"gene-rrp36"
845.435811810687	-0.245198300113698	0.10127621077033	-2.42108485545286	0.0154742646561959	0.0475687637223813	"gene-pdap1a"
22.4126211007005	0.915393639046382	0.378089950654963	2.42110015741136	0.0154736132715702	0.0475687637223813	"gene-usp43b"
595.617313607963	-0.47603562595235	0.196729590681312	-2.41974592791937	0.0155313545951374	0.0477329315048942	"gene-g19177"
1363.24653901424	-0.317961222755493	0.131426804311645	-2.41930270176493	0.0155502939093455	0.0477797998623803	"gene-cdc73"
2904.2234715665	-0.392453042213136	0.162244002942959	-2.41890630836514	0.0155672492442485	0.0478201127075655	"gene-mcm2"
193.690597707181	0.289634537062953	0.119741912683573	2.41882337246719	0.0155707988022395	0.0478201127075655	"gene-pex5"
238.351626117699	0.589218281292946	0.243617419307875	2.41862130781507	0.0155794499109076	0.0478353380265917	"gene-tulp4a"
47.4189927415471	0.501470845058957	0.207387969975416	2.41803246889587	0.0156046843303215	0.0478901106071076	"gene-cbx2_ChrAur1"
118.543350763285	-0.541121873865948	0.223778846737772	-2.41811003030167	0.015601358416998	0.0478901106071076	"gene-g725"
12.1449531668315	1.10013905222706	0.455037092332162	2.4176909328174	0.015619337173484	0.0479123722723334	"gene-gdi1_ChrAur1"
24.1000875691239	0.94187478950424	0.389571324294023	2.41772104559055	0.0156180447657214	0.0479123722723334	"gene-nt5c2a_ChrAur2"
604.017551230483	-0.26271437589551	0.108670199271218	-2.4175383652314	0.0156258866559989	0.0479211124986602	"gene-dync1i2a"
1350.36669977166	-0.359718565613139	0.148883047852599	-2.4161150030276	0.0156871058364515	0.0480974686761087	"gene-nup188"
1545.12984455587	-0.322811946580417	0.133614592941181	-2.41599318962505	0.0156923548509202	0.0481021745974599	"gene-aurkb"
428.240923092127	-0.382710951692533	0.158414124499797	-2.41588906861031	0.015696842714207	0.0481045456676986	"gene-fnbp1l"
90.6955862388898	0.524424565564101	0.217095376276486	2.41564133957514	0.0157075249638041	0.0481258944419748	"gene-zgc:101583"
285.74729095734	-0.458881327031742	0.189970018073753	-2.41554605134368	0.0157116355617851	0.048127103160047	"gene-mllt10"
19.2031026757006	-0.806784582478546	0.334190133685575	-2.41414841779146	0.0157720362937205	0.0483006956821882	"gene-itgb1bp1"
152.295069387099	0.64236593193336	0.266155535367474	2.41349829920487	0.0158002016273128	0.048375510939794	"gene-pgap2"
1014.24935051292	0.300151103311617	0.124387010434089	2.41304218393981	0.0158199884780234	0.0484246444762185	"gene-hspa4a_ChrAur1"
68.3146282705875	-0.326975361323743	0.135519506296183	-2.41275496244154	0.0158324596855652	0.048451367057598	"gene-pms1_ChrAur1"
14.7605484464854	0.797224750510297	0.330470100729451	2.41239600420907	0.0158480578692886	0.0484876440976038	"gene-ptprz1b"
16.596369586205	1.01389142050342	0.420473524741252	2.41130858625961	0.0158953930808502	0.0486209815281273	"gene-tnfsf10_ChrAur1"
32.4687438376394	-0.877795331278678	0.364058136108958	-2.41114054106997	0.015902719153888	0.048631904548289	"gene-mctp1a_ChrAur2"
14.8522279454633	-0.916373994073621	0.380154712087253	-2.41052909496304	0.0159294007296569	0.0486954779083213	"gene-g18028"
1409.3725723676	-0.2605869902872	0.108105319427887	-2.41049183949757	0.0159310277119572	0.0486954779083213	"gene-g3436"
57.7087150248672	-0.60742204685863	0.252008405791382	-2.4103245483068	0.0159383352817855	0.048706319073715	"gene-alms1"
26.5456788010399	0.848317558427426	0.351964427783023	2.41023663604548	0.0159421766233413	0.0487065650976393	"gene-ctsk_ChrAur1"
66.2087000214832	0.830555969497652	0.344637903739952	2.40993796818225	0.0159552330489181	0.0487349583057874	"gene-zmp:0000000529"
382.640865155476	-0.415892032605413	0.172581036922076	-2.40983621388946	0.015959683439069	0.0487370573495361	"gene-pigx"
40.6466712939305	0.497350177446084	0.206419764998983	2.40941160575652	0.0159782661512061	0.0487823019623457	"gene-gpc2"
783.275204636359	-0.3032289438964	0.125901602992461	-2.40845975499261	0.0160199924474106	0.0488981669070031	"gene-qtrt1"
57.2277887823652	0.574883317554346	0.23872847407536	2.4081053581102	0.0160355526051821	0.0489341286026657	"gene-keap1b"
556.603879766975	-0.247430662542223	0.102757592197426	-2.40790638677908	0.0160442944676505	0.0489492715313406	"gene-kics2"
1660.10848384984	-0.290870061711576	0.120802966989791	-2.40780561073601	0.016048723690118	0.0489512530642294	"gene-ctnnb1_ChrAur2"
1197.40826277384	-0.199279860781799	0.0827767987850342	-2.40743618630766	0.016064969510599	0.0489662085506631	"gene-plaa"
264.811153866095	0.397231146506876	0.164999459795223	2.4074693759596	0.0160635093705726	0.0489662085506631	"gene-rspry1"
59.3717632217319	-0.538290688769	0.223582947533308	-2.40756593786656	0.016059261905546	0.0489662085506631	"gene-smad9"
2247.4549455647	-0.258924725857563	0.107555963976577	-2.40734884691239	0.0160688124629344	0.0489663976958737	"gene-aars1"
77.4571132662881	0.447701329908952	0.18600366174342	2.40694901225399	0.0160864155942582	0.0490085082007146	"gene-amot"
76.5766015843852	-0.491374753548417	0.204174435931856	-2.40664190551463	0.0160999477917888	0.0490381994006248	"gene-cdkn1bb"
604.403678639005	-0.366081837525552	0.152200975154158	-2.4052529042916	0.0161612770974358	0.0492134257439199	"gene-srsf1b_ChrAur1"
446.148324085158	-0.284934612639808	0.118492542318129	-2.40466283417918	0.0161873928559028	0.0492813645690636	"gene-polr3c"
189.557331338341	0.403163445187942	0.167668595394023	2.40452569093516	0.016193467952098	0.0492882734306984	"gene-mtx1a"
260.20879716109	0.375276581680795	0.156086098664981	2.40429214959288	0.0162038178499105	0.0493081872589735	"gene-nsdhl"
699.15213867279	0.261088534152997	0.108645070666146	2.40313281175262	0.0162552825616472	0.0494531746431507	"gene-kntc1"
331.773210418844	0.31163870427139	0.129706568767101	2.40264396193352	0.0162770263411984	0.0494844526161643	"gene-gfm2"
753.534691486272	-0.341590269903729	0.142164606319501	-2.4027799798217	0.0162709737731586	0.0494844526161643	"gene-ilf3a"
327.926094426366	-0.273227573854239	0.113719338954498	-2.40264827747165	0.0162768342765996	0.0494844526161643	"gene-rab3gap2"
1221.09962549513	-0.224719720383042	0.0935483457991038	-2.40217738179605	0.0162978034109443	0.049535989667951	"gene-csnk1a1"
37.4815394793064	0.78220244269473	0.325657787850131	2.40191535985838	0.0163094816068929	0.0495598536581111	"gene-ulk2"
35.6003406291398	0.929701346230189	0.387141992933791	2.40144795242914	0.0163303319961782	0.0496115715886708	"gene-eif2ak2_ChrAur1"
45.1738930507906	0.566314940353138	0.23591341927616	2.4005202505679	0.0163717848571458	0.0497236355521519	"gene-gab2"
1216.72027477014	-0.423474221574409	0.176414466100277	-2.40045065994587	0.0163748981260079	0.0497236355521519	"gene-pcf11"
212.186212824164	0.447744032671607	0.186557145199895	2.40003690125002	0.0163934191500547	0.0497682070821279	"gene-arhgef6"
23.5506099863518	0.730266220897837	0.304300060285287	2.39982279403165	0.016403010426	0.0497856545645949	"gene-leng9"
1347.02083558423	-0.313036375570811	0.130455773671343	-2.39955938139959	0.0164148171800963	0.0498024937135601	"gene-aebp2_ChrAur1"
320.755974847571	-0.290669733103555	0.121136240520929	-2.39952743995994	0.016416249375584	0.0498024937135601	"gene-g22076"
343.915994777706	-0.318302599582537	0.132664350016822	-2.39930772315377	0.0164261040486345	0.0498090549131036	"gene-lsm4"
126.699772430977	-0.349681365157184	0.145739996550316	-2.39935071657873	0.0164241753114287	0.0498090549131036	"gene-tfpt"
1749.97254718997	-0.236148010188567	0.0984302860945429	-2.39913973186815	0.0164336422492799	0.0498202483076835	"gene-psmd6"
2746.1573652717	-0.224888960609794	0.0937464849919762	-2.39890552300752	0.016444156874423	0.0498404576832793	"gene-cbx3a"
18.313729192292	0.65304005962196	0.272249141277665	2.39868547080532	0.0164540413315861	0.0498587480779998	"gene-plekhm3"
529.128437300548	-0.303872125136988	0.126717040378652	-2.39803679307035	0.0164832094625575	0.0499354492981479	"gene-sgta"
320.072535981662	-0.346454186116579	0.144491722257436	-2.39774418010821	0.0164963818141814	0.049941172523456	"gene-eif2ak4"
736.661380761675	-0.186779199653636	0.0778980905286093	-2.39773784422916	0.0164966671342247	0.049941172523456	"gene-g16233"
100.101043908276	-0.463401548939828	0.193253432741436	-2.39789556317914	0.01648956595519	0.049941172523456	"gene-rad51d"
